unsorted/matchExtract/prism.asc
ncols	121
nrows	121
xllcorner	-122.0041
yllcorner	43.9958
cellsize	0.0083
NODATA_value	-9999.0000
[rows 29 to 57 of 121, columns 0 to 66 of 121]
-3.4599 -3.6099 -3.6099 -3.7000 -3.5300 -4.9093 -6.2896 -5.9007 -6.7897 -7.4899 -9.6688 -11.1698 -12.2707 -10.3722 -8.2716 -7.8801 -7.9400 -8.6294 -9.1395 -9.0614 -8.2832 -8.2209 -7.5906 -6.7210 -6.2909 -5.7908 -5.3807 -5.1805 -4.9905 -5.0004 -5.0604 -5.0899 -5.8581 -4.6215 -4.1308 -3.5910 -3.3305 -3.2405 -3.2102 -3.0305 -2.4013 -2.2806 -2.3001 -1.9807 -1.8906 -1.8007 -1.7107 -1.8100 -1.5906 -1.3110 -1.6295 -1.6899 -1.7201 -1.6204 -1.3407 -1.2004 -1.2204 -0.9509 -1.2893 -1.4600 -1.5698 -1.9593 -1.5911 -2.0889 -2.4991 -2.5103 -2.5001
-3.3901 -3.4401 -3.3702 -3.3603 -3.5599 -4.5100 -5.0009 -5.1006 -6.4896 -7.4795 -7.4918 -9.3704 -9.6720 -9.1713 -8.1009 -8.2596 -7.6008 -7.9403 -7.9510 -8.8893 -7.9412 -8.2397 -7.1415 -6.8003 -5.9013 -5.3809 -5.1804 -4.9804 -4.7904 -4.8500 -5.0298 -5.5090 -4.8118 -4.8597 -4.3506 -3.7707 -3.1511 -2.8408 -2.9500 -2.6209 -2.1909 -2.1502 -1.9905 -1.8903 -1.7404 -1.5506 -1.5402 -1.7097 -1.4806 -1.1010 -1.4793 -1.4503 -1.2807 -1.2803 -1.2800 -0.9410 -1.0598 -0.9602 -0.9603 -1.0102 -1.3493 -1.4900 -1.4004 -1.8789 -1.9802 -2.2594 -2.3399
-3.5599 -3.5000 -3.3700 -3.4000 -3.5400 -3.6407 -4.2005 -4.7001 -5.3008 -6.7899 -7.3698 -7.6813 -7.6617 -7.4416 -7.4506 -7.3908 -7.1206 -7.4701 -7.2708 -7.7506 -7.5805 -7.6804 -6.9309 -6.1015 -5.5010 -5.1805 -4.7908 -4.6006 -4.6900 -4.4806 -5.0393 -5.4994 -4.6813 -4.7201 -4.1809 -3.6709 -2.8615 -2.6405 -2.7500 -2.6402 -2.1010 -1.9704 -1.9700 -1.8004 -1.6603 -1.5203 -1.5599 -1.4704 -1.3603 -1.1903 -1.1404 -1.1502 -0.9806 -1.2993 -0.9610 -0.9002 -0.9898 -1.2990 -0.7715 -0.8599 -0.8804 -0.8905 -1.1196 -1.2901 -1.3902 -1.8790 -2.1793
-3.5400 -3.4900 -3.3700 -3.2901 -3.5899 -3.7299 -3.9701 -4.8994 -5.6993 -6.2902 -6.3908 -6.4910 -7.6293 -7.6099 -7.6198 -7.3902 -5.9921 -6.2908 -6.4806 -6.8904 -7.0903 -7.1005 -6.5110 -5.8110 -5.1111 -4.9903 -4.5008 -4.4103 -4.5001 -4.3902 -4.5802 -5.5486 -4.7012 -4.3608 -3.6515 -3.4705 -2.9607 -2.4310 -2.7395 -2.4407 -2.1106 -1.8905 -1.8801 -1.7603 -1.7200 -1.5802 -1.6298 -1.2410 -1.2600 -1.1503 -1.2696 -1.2799 -1.1103 -1.5488 -0.8816 -0.7106 -1.3083 -1.3200 -1.3095 -1.3196 -0.7117 -0.7999 -0.9498 -0.8307 -0.9999 -1.6285 -1.7501
-3.5101 -3.3502 -3.4000 -3.3599 -3.5000 -3.6101 -4.4892 -5.1994 -6.6884 -6.7895 -6.8895 -7.8881 -7.9696 -7.5803 -7.3903 -7.1803 -4.9926 -5.5003 -5.6007 -5.9007 -6.3004 -6.3107 -5.7213 -5.4207 -4.9107 -4.7105 -4.2208 -3.9208 -4.2099 -4.2002 -3.9809 -4.4703 -4.2607 -3.7613 -3.5604 -3.2906 -2.8707 -2.2212 -2.2404 -2.1205 -1.9105 -1.8103 -1.7901 -1.7301 -1.5405 -1.4702 -1.5200 -1.7889 -1.1514 -1.0304 -1.1299 -1.2298 -1.3495 -1.5695 -1.2404 -1.3491 -1.3101 -1.2502 -1.2800 -1.2800 -1.1997 -1.2395 -1.0903 -0.7410 -0.6306 -1.2786 -1.3900
-3.6799 -3.5498 -3.4200 -4.2090 -3.6500 -3.7698 -4.8992 -6.0986 -7.4886 -7.9886 -8.2286 -8.2796 -7.6806 -7.1807 -6.6910 -6.3910 -5.5002 -4.6116 -4.9204 -5.2204 -5.8199 -5.6308 -5.0213 -4.9206 -4.7104 -4.5204 -4.1305 -3.7307 -3.7205 -3.7205 -3.8200 -3.7907 -3.7605 -3.2911 -3.2404 -2.9807 -2.4612 -2.2004 -2.1202 -2.0103 -1.9201 -1.9299 -1.6207 -1.5403 -1.5899 -1.4802 -1.7792 -1.8697 -1.6500 -1.6195 -1.2806 -1.2401 -1.7286 -1.5006 -1.3702 -1.2803 -1.2701 -1.2600 -1.2600 -1.1604 -1.1999 -1.1602 -1.1400 -0.6514 -0.4806 -0.5505 -1.0191
-4.1197 -3.8997 -3.7797 -4.5095 -4.6090 -3.8102 -5.4988 -7.2881 -8.4086 -9.5479 -9.3789 -8.7199 -7.8903 -6.3019 -6.0009 -5.5013 -5.3103 -4.4109 -4.5203 -4.6405 -5.0304 -5.0606 -4.3115 -4.6200 -4.4205 -4.3303 -4.1302 -3.6407 -3.4505 -3.4403 -3.3606 -3.5101 -3.3905 -3.1704 -2.3721 -2.3606 -2.1207 -2.1101 -1.9903 -1.9003 -2.0197 -1.9302 -1.7302 -1.4307 -1.7193 -1.8095 -1.8498 -1.7603 -1.7898 -1.8297 -1.7497 -1.6897 -1.6900 -1.6200 -1.4104 -1.4099 -1.2703 -1.1903 -1.2100 -1.1900 -1.1900 -1.1900 -1.0704 -0.8205 -0.4311 -0.4600 -0.7993
-4.7196 -4.3096 -4.3094 -4.9094 -5.3990 -4.7892 -6.0989 -7.3095 -9.0286 -9.7095 -9.6797 -8.7505 -7.9903 -6.9001 -5.9108 -5.2108 -4.7210 -4.5400 -4.2206 -4.2204 -4.4404 -4.7600 -4.1208 -4.3301 -4.1405 -4.1402 -4.0402 -3.6405 -3.2806 -3.2004 -3.1004 -3.0007 -3.0004 -2.3718 -2.1306 -1.9108 -1.8903 -1.9800 -1.8005 -1.6705 -1.5706 -1.7100 -1.5106 -1.3404 -1.7492 -1.8697 -1.7503 -1.7600 -1.7999 -1.8100 -1.7501 -1.7499 -1.7001 -1.6202 -1.5201 -1.4202 -1.3003 -1.2899 -1.2002 -1.2100 -1.1004 -1.1001 -1.0701 -1.1096 -0.5813 -0.4105 -0.6694
-5.7989 -4.6099 -4.5098 -5.0098 -5.3999 -5.3993 -6.5092 -7.4694 -8.6699 -8.8808 -8.9008 -8.8300 -7.9306 -7.2001 -5.9109 -5.2205 -4.8302 -4.1110 -4.0103 -4.0202 -4.2300 -4.0310 -4.1299 -4.1402 -3.8506 -3.8603 -3.8402 -3.6402 -3.2804 -2.9008 -2.6907 -2.4908 -2.4606 -2.0210 -1.9104 -2.0097 -1.9600 -1.9301 -1.6805 -1.6999 -1.5702 -1.5602 -1.3904 -1.5794 -1.9092 -1.8501 -1.8698 -1.7602 -1.8099 -1.8000 -1.7800 -1.6903 -1.7199 -1.6302 -1.5302 -1.4302 -1.3302 -1.3200 -1.2202 -1.2200 -1.2099 -1.2099 -1.0504 -1.1298 -0.8704 -0.4212 -0.2908
-5.6403 -4.9098 -4.6099 -5.0099 -5.6995 -6.6882 -7.1890 -7.7894 -8.4999 -8.4805 -8.9896 -8.9199 -7.9905 -7.6797 -6.2107 -5.3205 -4.8404 -4.1305 -3.4612 -3.8199 -3.9203 -3.7605 -3.7504 -3.9500 -3.7603 -3.6603 -3.4607 -3.5500 -3.2404 -3.1299 -2.9100 -2.5005 -2.1608 -2.0102 -1.9101 -2.0797 -2.1198 -1.9602 -1.6705 -1.6700 -1.5602 -1.7295 -1.6100 -1.7495 -1.8598 -1.8500 -1.8700 -1.7702 -1.8000 -1.8100 -1.7502 -1.7499 -1.7201 -1.6302 -1.5302 -1.4302 -1.4299 -1.3302 -1.3199 -1.2202 -1.2200 -1.2100 -1.0703 -1.1000 -1.1097 -0.4219 -0.4597
-5.2506 -5.1897 -5.1094 -5.8988 -6.5987 -7.1992 -7.8889 -8.4390 -8.3302 -8.3102 -8.4406 -8.9497 -8.0105 -7.7401 -7.0096 -6.0199 -5.0405 -4.2405 -4.0295 -3.1615 -3.0811 -3.3602 -3.2707 -3.6699 -3.6701 -3.3807 -3.1905 -3.2603 -3.1303 -3.2996 -2.8507 -2.5105 -2.1605 -2.0102 -2.0199 -2.0699 -2.0900 -2.0998 -1.9599 -1.8400 -1.8397 -1.8997 -1.9096 -1.8998 -1.8501 -1.8500 -1.7703 -1.7899 -1.7900 -1.7801 -1.7102 -1.6702 -1.6701 -1.6201 -1.5402 -1.4402 -1.4400 -1.3303 -1.3300 -1.3199 -1.2203 -1.1204 -1.0901 -1.0800 -1.0302 -0.9894 -0.8997
-5.2501 -5.5295 -5.7891 -6.1097 -6.8994 -7.2998 -8.1993 -8.2702 -8.3400 -8.3899 -8.0706 -8.9495 -7.5714 -7.4804 -7.1201 -6.1306 -5.5398 -4.8698 -4.1405 -3.8394 -3.1007 -2.8708 -2.7807 -2.7013 -3.5692 -3.1807 -3.1102 -3.0703 -3.0202 -3.7884 -2.8313 -2.5204 -2.1705 -2.0202 -2.0798 -2.1299 -2.1499 -2.1799 -2.0401 -2.1096 -2.0798 -1.9900 -1.9600 -1.9599 -1.8602 -1.8700 -1.8798 -1.9596 -1.1724 -1.2305 -1.8386 -1.6704 -1.5803 -1.6199 -1.5402 -1.4402 -1.4400 -1.4399 -1.3303 -1.2304 -1.2300 -1.2099 -1.0505 -1.0998 -0.8708 -1.0196 -0.8804
-6.4884 -6.3989 -6.3992 -6.5095 -7.1994 -7.3998 -8.1099 -8.1002 -8.1402 -8.1303 -7.5609 -7.5418 -7.3005 -7.5398 -7.1901 -6.2306 -5.9497 -5.2700 -4.6698 -4.0503 -3.6397 -3.0004 -2.9798 -2.8699 -2.8310 -3.1896 -2.8308 -2.9001 -2.8303 -2.8312 -2.4809 -2.4202 -2.1703 -2.0601 -2.1099 -2.1998 -2.1501 -2.1201 -2.1299 -2.0702 -2.0401 -2.0399 -1.9502 -1.9700 -1.8801 -1.8900 -1.9099 -1.5911 -1.6393 -1.4003 -1.0816 -1.6887 -1.6400 -1.5802 -1.5799 -1.5001 -1.4501 -1.4400 -1.3402 -1.3399 -1.3299 -1.2203 -1.1301 -0.4427 -0.2712 -1.0180 -1.0895
-7.4087 -7.2589 -7.2090 -7.1092 -7.1101 -7.2102 -7.7103 -7.9501 -7.9502 -8.1000 -7.4804 -7.5000 -7.9289 -7.4404 -7.2001 -6.5401 -5.9604 -5.0909 -4.5706 -4.3598 -3.8702 -3.3900 -3.0203 -2.8302 -2.6903 -2.7405 -2.5306 -2.4307 -2.5203 -2.5204 -2.2307 -2.1205 -2.0702 -2.2196 -2.2398 -2.1901 -2.1401 -2.1300 -2.0801 -2.2196 -2.0602 -2.0699 -2.0898 -1.9902 -1.9899 -1.8703 -1.7405 -1.9092 -3.2950 -2.0717 -1.4010 -1.6993 -1.6601 -1.6300 -1.5502 -1.5001 -1.4999 -1.4501 -1.4399 -1.3502 -1.3301 -1.2203 -0.5326 -0.2908 -0.2999 -0.4703 -1.0485
-7.3899 -7.4398 -7.2100 -7.0102 -6.6208 -6.9203 -7.2205 -7.4206 -7.6204 -8.1796 -8.5184 -8.3090 -7.3114 -7.3102 -6.9805 -6.4505 -5.8706 -5.0906 -4.4707 -4.0707 -3.7804 -3.4901 -3.2000 -2.9301 -2.6404 -2.6102 -2.5301 -2.3204 -2.4300 -2.1409 -2.2099 -2.1101 -1.9803 -2.2595 -2.2899 -2.1503 -2.1400 -2.1500 -2.1499 -2.2897 -2.1601 -2.1798 -2.0902 -2.0002 -2.0000 -1.9101 -1.6307 -2.9460 -4.1663 -2.7122 -1.4327 -1.6596 -1.6600 -1.6101 -1.5402 -1.5200 -1.4602 -1.4500 -1.3504 -1.3400 -1.3300 -0.7023 -0.5304 -0.6193 -0.4702 -0.6393 -0.9493
-7.1103 -7.2602 -7.2200 -6.2213 -6.1307 -6.4306 -6.7206 -6.9306 -7.0308 -8.0098 -8.6096 -7.3520 -7.3100 -7.1304 -6.8504 -6.1709 -5.7804 -5.1005 -4.3807 -3.7710 -3.4907 -3.3902 -3.1902 -2.7308 -2.5403 -2.4403 -2.3204 -2.2203 -2.3001 -2.2100 -2.1901 -2.0602 -1.9303 -2.2296 -2.1503 -2.1500 -2.2696 -2.2698 -2.2698 -2.3797 -2.2700 -2.2101 -2.1102 -2.1098 -2.0102 -1.9899 -1.9496 -3.3068 -4.1483 -2.6233 -1.4923 -1.6995 -1.6202 -1.5702 -1.4903 -1.4103 -1.3204 -1.3501 -1.3301 -1.2304 -1.2301 -1.2293 -1.2490 -1.1396 -1.0992 -1.1691 -1.0203
-6.8203 -6.7308 -6.6309 -5.2417 -5.4409 -5.7309 -6.3303 -6.0414 -7.5087 -7.5407 -7.7611 -6.9510 -6.9306 -6.8504 -6.5606 -6.1703 -5.6805 -5.1005 -4.3806 -3.5710 -3.3105 -3.2104 -3.0204 -2.5607 -2.5400 -2.3304 -2.2203 -2.1103 -2.2100 -2.0604 -1.8807 -2.0498 -2.0698 -2.0702 -2.1798 -2.2797 -2.2800 -2.2800 -2.2800 -2.3898 -2.3101 -2.3198 -2.2200 -2.2198 -2.1101 -1.8906 -1.9499 -3.1379 -3.0916 -1.9932 -1.3914 -1.5000 -1.6197 -1.4107 -1.3703 -1.3900 -1.3202 -1.3200 -1.3101 -1.3099 -1.3398 -1.3398 -1.2204 -1.2298 -1.1501 -1.1699 -1.1300
-6.4305 -6.4304 -5.7414 -4.4515 -5.0404 -5.0410 -5.4412 -5.6505 -7.1698 -7.2005 -7.1409 -6.9401 -6.7604 -6.6104 -6.2707 -5.6811 -5.3008 -5.0104 -4.2808 -3.3711 -3.1205 -2.9306 -2.6508 -2.4603 -2.4402 -2.2204 -2.1103 -2.0901 -2.0802 -2.0501 -2.0398 -2.1397 -2.1000 -2.1897 -2.1900 -2.3895 -2.2901 -2.3897 -2.3998 -2.4199 -2.4298 -2.4298 -2.3300 -2.3298 -2.2300 -2.1996 -1.6415 -2.2800 -2.2114 -1.8510 -1.4009 -1.2407 -1.2704 -1.3499 -1.0113 -1.1600 -1.0108 -0.9706 -1.0103 -0.9308 -0.7613 -0.4720 -0.5906 -0.6706 -0.2425 -1.1276 -1.0603
-6.0406 -5.9408 -4.8516 -3.9609 -4.8500 -4.8503 -4.7611 -5.9491 -7.0497 -7.0402 -6.9803 -6.6606 -6.6901 -6.5003 -6.0905 -5.4907 -4.8013 -4.8103 -3.9911 -3.5800 -2.9508 -2.7604 -2.4606 -2.3702 -2.3402 -2.2301 -2.1201 -2.0900 -1.9903 -1.9502 -1.8704 -1.9003 -2.1695 -2.2897 -2.2998 -2.3998 -2.3998 -2.4997 -2.4201 -2.5396 -2.5398 -2.5398 -2.4400 -2.3501 -2.2402 -2.2200 -1.3422 -1.6404 -1.6508 -1.6403 -1.2909 -1.3796 -1.3898 -1.4696 -1.3896 -1.2203 -1.1201 -1.0700 -1.0101 -1.0696 -1.6273 -2.2358 -2.2475 -2.3273 -2.0182 -0.3457 -0.2515
-5.3511 -5.1513 -4.2611 -3.8203 -4.3606 -4.2609 -4.4704 -5.9594 -7.0595 -7.0999 -6.8603 -6.5304 -6.4105 -6.4002 -5.7809 -5.3006 -4.7106 -4.2911 -3.7907 -3.1313 -2.6709 -2.6701 -2.4602 -2.3402 -2.2303 -2.1203 -2.0302 -2.0700 -1.9003 -1.8602 -1.8002 -1.8899 -2.2893 -2.3199 -2.4197 -2.4299 -2.5296 -2.5300 -2.6395 -2.6498 -2.5502 -2.5500 -2.4502 -2.3502 -2.3498 -2.2302 -1.5311 -1.4704 -1.2810 -1.3702 -1.2902 -1.6388 -1.7592 -1.6400 -2.1875 -2.4475 -2.4778 -2.4081 -2.4078 -2.2585 -2.0499 -2.1499 -2.2398 -2.4094 -2.4094 -2.2276 -2.0079
-4.8608 -4.4612 -3.8807 -3.7302 -3.8508 -4.1800 -4.2803 -6.0591 -6.9598 -6.6708 -6.5007 -6.4601 -6.2404 -6.0607 -5.6904 -4.6119 -4.4007 -3.8910 -3.5906 -2.8710 -2.6702 -2.4605 -2.3303 -2.3300 -2.1204 -2.1200 -2.0002 -1.9702 -1.8801 -1.8102 -2.2487 -2.1796 -2.3297 -2.4297 -2.4200 -2.5396 -2.6397 -2.6398 -2.6500 -2.6600 -2.6598 -2.5602 -2.4602 -2.3602 -2.2504 -2.2500 -1.9200 -1.6901 -1.4403 -1.1111 -1.3992 -1.6196 -1.6302 -1.6599 -1.6808 -1.9900 -2.1999 -2.2601 -2.1606 -1.8415 -1.8403 -1.9401 -2.0401 -2.1402 -2.1305 -2.1302 -2.1199
-4.5705 -4.1705 -3.8501 -3.7300 -3.8500 -3.8605 -4.7789 -6.2691 -6.5605 -6.3905 -6.4201 -6.4400 -6.1703 -5.7208 -5.3907 -4.1915 -3.9010 -3.7005 -3.3906 -2.6809 -2.5703 -2.3404 -2.2402 -2.2102 -2.1002 -1.9903 -1.8803 -1.9200 -1.8900 -1.9198 -2.3194 -2.3198 -2.3200 -2.4398 -2.5397 -2.5400 -2.6498 -2.6600 -2.6600 -2.5603 -2.5602 -2.5500 -2.4602 -2.3602 -2.2502 -2.1404 -2.0898 -1.9897 -1.5706 -1.3700 -1.3800 -1.3007 -1.5197 -1.6696 -1.7796 -1.9895 -2.0999 -2.0604 -1.8909 -1.4119 -1.5202 -1.6203 -1.5111 -1.7201 -1.6012 -2.0290 -2.0202
-4.4702 -4.2798 -3.8301 -3.7400 -3.7601 -3.9598 -5.2787 -5.9702 -6.2704 -6.1804 -6.1106 -6.1804 -5.5315 -5.5503 -4.9112 -3.8014 -3.6007 -3.4904 -3.4001 -2.4811 -2.4702 -2.2504 -2.2400 -2.1003 -2.1000 -1.9901 -1.8801 -1.9000 -1.9498 -2.0397 -2.3296 -2.3400 -2.4397 -2.5497 -2.5600 -2.5600 -2.6598 -2.6700 -2.6700 -2.6698 -2.5702 -2.5600 -2.4602 -2.3602 -2.1605 -2.2496 -2.2099 -1.9406 -1.7003 -1.3408 -1.4497 -1.3003 -1.6391 -1.6699 -1.8794 -1.7905 -1.6411 -1.4714 -1.3811 -1.3203 -1.1909 -1.2903 -1.1808 -1.4000 -0.9622 -1.4895 -1.8095
-4.1905 -4.1802 -3.8401 -3.5205 -3.5104 -4.8880 -5.4794 -5.9798 -6.0703 -5.9105 -5.9303 -5.9304 -5.3606 -5.3803 -4.4215 -3.6109 -3.4903 -3.3005 -3.1206 -2.8795 -2.4704 -2.3599 -2.3398 -2.1002 -2.0103 -2.0199 -1.7904 -1.6805 -2.2089 -2.1997 -2.3398 -2.4497 -2.4500 -2.5598 -2.5600 -2.6696 -2.6700 -2.6700 -2.6700 -2.5703 -2.5700 -2.4703 -2.3703 -2.2703 -2.1602 -2.2498 -1.8215 -1.4715 -1.4604 -1.4399 -1.4699 -1.3004 -1.6393 -1.6699 -1.8795 -1.8798 -1.7800 -1.8890 -1.8294 -1.6598 -0.9821 -0.8710 -0.8705 -0.9705 -0.5518 -1.0593 -1.4794
-4.0902 -4.0902 -3.8500 -3.3005 -3.8493 -5.0893 -5.4898 -5.8800 -5.8903 -5.8002 -5.8501 -5.8102 -5.4102 -5.0708 -4.1012 -3.5006 -3.3105 -3.2202 -2.8907 -2.8900 -2.3806 -2.2703 -2.2402 -2.1101 -2.0301 -2.0599 -1.6906 -1.7897 -2.1796 -2.2000 -2.3498 -2.4499 -2.5597 -2.5600 -2.5700 -2.6798 -2.6800 -2.5803 -2.5802 -2.4803 -2.4702 -2.3704 -2.3700 -2.2602 -2.2598 -2.2201 -1.6913 -1.6498 -1.5600 -1.5598 -1.5598 -1.4201 -1.6694 -1.6800 -1.7799 -1.7901 -1.5609 -1.5606 -1.6103 -1.4408 -1.3695 -1.2098 -0.9107 -0.6413 -0.6299 -0.6606 -1.0596
-4.0900 -3.9902 -3.8600 -3.6494 -3.3111 -4.9996 -5.4898 -5.5905 -5.5007 -5.6103 -5.9097 -5.6105 -5.2705 -4.7409 -3.8111 -3.4005 -3.1305 -3.1302 -2.7905 -2.7902 -2.2707 -2.2600 -2.1503 -2.1200 -2.0301 -2.0799 -1.8300 -1.8000 -2.1795 -2.3595 -2.2503 -2.3600 -2.4600 -2.4701 -2.5699 -2.5802 -2.5802 -2.5800 -2.4803 -2.4800 -2.3803 -2.2803 -2.2702 -2.1604 -2.1901 -2.1004 -1.6709 -1.4807 -1.4901 -1.5499 -1.3906 -1.6590 -1.7895 -1.7998 -1.7900 -1.5908 -1.7493 -1.5206 -1.4405 -1.3902 -1.2207 -1.1602 -0.8210 -0.9790 -0.8798 -0.7303 -1.1586
-4.0800 -3.9800 -3.8800 -3.7598 -3.2004 -4.3907 -5.1104 -5.3005 -5.2106 -5.1209 -5.7001 -5.1911 -5.2799 -4.4311 -3.5112 -3.1308 -2.8208 -2.7308 -2.6902 -2.5805 -2.2603 -2.1204 -2.0503 -1.9105 -2.0099 -2.0799 -2.0895 -1.9200 -2.2794 -2.2602 -2.2600 -2.3599 -2.4599 -2.4700 -2.4801 -2.5798 -2.4903 -2.4902 -2.4900 -2.3903 -2.2804 -2.2800 -2.1704 -2.1799 -2.1302 -1.7414 -1.6602 -1.5003 -1.5697 -1.4704 -1.4400 -1.6894 -1.9093 -2.2185 -1.8009 -1.5805 -1.7496 -1.3114 -1.3102 -1.3101 -1.2302 -1.0606 -0.8903 -0.9698 -0.6214 -0.6003 -0.8499
-3.9703 -3.9700 -3.9698 -3.5605 -3.2999 -4.0704 -4.9101 -5.0205 -5.0303 -4.8306 -4.9314 -4.4217 -4.2221 -3.7117 -3.3306 -2.7312 -2.7302 -2.7300 -2.5903 -2.2609 -2.1204 -2.1399 -2.0202 -1.9101 -1.8105 -2.0797 -2.2296 -1.9303 -2.2397 -2.3696 -2.2601 -2.3698 -2.3702 -2.4798 -2.4900 -2.4902 -2.4900 -2.4900 -2.3804 -2.3800 -2.3798 -2.2802 -2.1702 -2.0903 -2.0502 -1.6111 -1.5702 -1.5798 -1.5601 -1.4702 -1.4500 -1.8986 -2.2187 -2.2200 -1.8010 -1.6801 -1.6503 -1.4203 -1.2007 -1.2002 -1.2001 -1.1201 -0.8707 -0.8602 -0.4713 -0.5698 -0.3814
-3.8702 -3.9700 -3.8802 -3.5601 -3.2103 -3.8801 -4.7101 -4.7206 -4.7306 -4.5107 -4.2115 -3.8114 -3.5016 -3.3308 -2.8313 -2.8198 -2.6204 -2.6202 -2.4704 -2.3499 -2.1501 -2.2896 -2.1698 -2.0299 -1.9199 -2.0798 -2.3395 -2.0800 -2.0803 -2.2999 -2.2900 -2.2702 -2.3798 -2.4898 -2.4900 -2.3903 -2.3802 -2.3902 -2.2804 -2.2005 -2.2801 -2.1804 -2.1800 -2.0902 -2.0401 -1.6307 -1.4904 -1.4802 -1.5798 -1.5698 -1.4403 -2.0086 -2.1299 -1.9210 -1.8999 -1.7900 -1.6603 -1.4206 -1.1906 -1.1900 -1.0905 -1.0901 -0.9203 -0.8602 -0.6403 -0.9186 -0.8792
