unsorted/matchExtract/prism.asc
ncols	121
nrows	121
xllcorner	-122.0041
yllcorner	43.9958
cellsize	0.0083
NODATA_value	-9999.0000
[rows 58 to 86 of 121, columns 0 to 66 of 121]
-3.7702 -3.8702 -3.9798 -3.7796 -3.0306 -3.8797 -4.1909 -4.4205 -4.2111 -4.0111 -3.8109 -3.5108 -3.3304 -2.8313 -2.8200 -2.7203 -2.5104 -2.4504 -2.4401 -2.3301 -2.3795 -2.3100 -2.3097 -2.0901 -2.1694 -2.1997 -2.4395 -2.3197 -2.1999 -2.3397 -2.2801 -2.1803 -2.3797 -2.2905 -2.4000 -2.2904 -2.3898 -2.2904 -2.4096 -2.3100 -2.1904 -2.2199 -2.1103 -2.1000 -1.9106 -1.6405 -1.5301 -1.4104 -1.5099 -1.5898 -1.2312 -1.8988 -2.0199 -2.0098 -1.9998 -1.6810 -1.5406 -1.4203 -1.3200 -1.1007 -1.1000 -1.0004 -0.9302 -0.8801 -0.7402 -0.9991 -0.9201
-3.7700 -3.7802 -3.8802 -3.9796 -2.8407 -3.5804 -3.9005 -4.2103 -3.9107 -3.7207 -3.6105 -3.3305 -3.1405 -2.8402 -2.8200 -2.6004 -2.5898 -2.4401 -2.3403 -2.3400 -2.2703 -2.3399 -2.3399 -2.3395 -2.2200 -2.3296 -2.5097 -2.3402 -2.2400 -2.3997 -2.2802 -2.2798 -2.2902 -2.2900 -2.3998 -2.3101 -2.3002 -2.3099 -2.3002 -2.3100 -2.1902 -2.1602 -2.0404 -2.1397 -2.0499 -1.7902 -1.6401 -1.5300 -1.5399 -1.5301 -1.4796 -1.6501 -2.2980 -2.3990 -1.8715 -1.6406 -1.4208 -1.6390 -1.5398 -1.5292 -1.1110 -1.0799 -1.1593 -0.9405 -1.0790 -0.9405 -0.9599
-3.6802 -3.5804 -3.6804 -3.7804 -2.9600 -3.0810 -3.7002 -3.9205 -3.7105 -3.6103 -3.4205 -3.2403 -2.9406 -2.9298 -2.8201 -2.7099 -2.6898 -2.4402 -2.3401 -2.2403 -2.1703 -2.4495 -2.4298 -2.4996 -2.3399 -2.4197 -2.4102 -2.3999 -2.3997 -2.2904 -2.2900 -2.2003 -2.2002 -2.2002 -2.3001 -2.3000 -2.3000 -2.2004 -2.2002 -2.2102 -2.2000 -2.2497 -2.1599 -2.0205 -2.0499 -1.9499 -1.6605 -1.5601 -1.5699 -1.6994 -1.5303 -1.5004 -1.5414 -1.7508 -1.4117 -1.4105 -1.5395 -1.7791 -1.6899 -1.6598 -1.4200 -1.2202 -1.0108 -1.1492 -1.1001 -1.0201 -1.1294
-3.3706 -3.2707 -3.3706 -3.4706 -3.2794 -2.8007 -3.5002 -3.7103 -3.6103 -3.4205 -3.3302 -3.1403 -2.8404 -2.7305 -2.7900 -2.6103 -2.6002 -2.4501 -2.3800 -2.1404 -2.1600 -2.4597 -2.5098 -2.4900 -2.4498 -2.5097 -2.3902 -2.3900 -2.3900 -2.2901 -2.3000 -2.2001 -2.2100 -2.2100 -2.2102 -2.2102 -2.2102 -2.2000 -2.1103 -2.2098 -2.2299 -2.1205 -2.0005 -1.9104 -1.8007 -1.9398 -1.9095 -1.6902 -1.6898 -1.6900 -1.6996 -1.5403 -1.6794 -1.6104 -1.5797 -1.4203 -1.8782 -2.2083 -2.3085 -1.9005 -1.6502 -1.3206 -1.1203 -1.0703 -0.9208 -1.0197 -1.1596
-3.0607 -3.0704 -3.1704 -3.3702 -3.3898 -2.7104 -3.4099 -3.5104 -3.4304 -3.2405 -3.2502 -2.9406 -2.6406 -2.7399 -2.7401 -2.6001 -2.4903 -2.3703 -2.3999 -2.3097 -2.4194 -2.4400 -2.4900 -2.4900 -2.5497 -2.4403 -2.4000 -2.4000 -2.3900 -2.3001 -2.3100 -2.2101 -2.2100 -2.2100 -2.2100 -2.2100 -2.1104 -2.1102 -2.1100 -2.1102 -2.1700 -2.1300 -2.0102 -2.0696 -1.9300 -1.9499 -1.9400 -1.8299 -1.7002 -1.6801 -1.8394 -1.7099 -1.5506 -1.4207 -1.4104 -1.4399 -2.1079 -2.8270 -2.9285 -2.6093 -1.2742 -1.1308 -1.1200 -0.9507 -0.9101 -1.1192 -1.3191
-2.8704 -2.8804 -3.0802 -2.8911 -3.1105 -2.8199 -3.1305 -3.2306 -3.1407 -2.9407 -2.8409 -2.8402 -2.7299 -2.6403 -2.6701 -2.5303 -2.4801 -2.4299 -2.3103 -2.4296 -2.5596 -2.5099 -2.5000 -2.5000 -2.5200 -2.4600 -2.4001 -2.4000 -2.3003 -2.3100 -2.2103 -2.2100 -2.2100 -2.2200 -2.2200 -2.2200 -2.1102 -2.1200 -2.1100 -2.1200 -2.0205 -2.1497 -1.9206 -2.0199 -2.0596 -1.9403 -2.0396 -1.9499 -1.8300 -1.8396 -1.9595 -1.8300 -1.7199 -1.7094 -1.3012 -1.6587 -2.4076 -2.8290 -2.9298 -2.7203 -1.1741 -1.1401 -1.1201 -0.9903 -0.8107 -1.1291 -1.1304
-2.7802 -2.6805 -2.9003 -2.6107 -2.6211 -2.7202 -2.8406 -2.9506 -2.8407 -2.7405 -2.7302 -2.7302 -2.7001 -2.6999 -2.6900 -2.7794 -2.6497 -2.6196 -2.5495 -2.5398 -2.5201 -2.5000 -2.5000 -2.4003 -2.4999 -2.5298 -2.4002 -2.4000 -2.3001 -2.3200 -2.3198 -2.2201 -2.2200 -2.2200 -2.2200 -2.1204 -2.1200 -2.1200 -2.1299 -2.1499 -2.0202 -2.1498 -2.0300 -2.0200 -2.0400 -1.9701 -2.0598 -2.0498 -1.9400 -1.9597 -1.9600 -1.8502 -1.8497 -1.7203 -1.3109 -1.5497 -2.5075 -2.8093 -2.9198 -2.9096 -1.1744 -1.2396 -1.0307 -1.0001 -0.9100 -0.8209 -0.9301
-2.7501 -2.6800 -2.7004 -2.6000 -2.6000 -2.7200 -2.7302 -2.8402 -2.7303 -2.6303 -2.6202 -2.6302 -2.6002 -2.6202 -2.7897 -2.7501 -2.6900 -2.6898 -2.6398 -2.5401 -2.3306 -2.5297 -2.5100 -2.5098 -2.4103 -2.4103 -2.4100 -2.4100 -2.4098 -2.3201 -2.3200 -2.3198 -2.3198 -2.2301 -2.2300 -2.1202 -2.1200 -2.1200 -2.1200 -2.1499 -2.1497 -2.1500 -2.0800 -2.0201 -2.0200 -2.0498 -2.0600 -2.0600 -1.9402 -1.9400 -1.9500 -1.8701 -1.8500 -1.7502 -1.4305 -1.3307 -1.9697 -2.2904 -2.6099 -2.6007 -2.0494 -1.2421 -0.9310 -0.8207 -0.9894 -0.9996 -0.9899
-2.7600 -2.6601 -2.6900 -2.5900 -2.6997 -2.6103 -2.7300 -2.6205 -2.6202 -2.6001 -2.5003 -2.6200 -2.5103 -2.7795 -2.8797 -2.8398 -2.6901 -2.6900 -2.6899 -2.4504 -2.4298 -2.4502 -2.5099 -2.5499 -2.4102 -2.4100 -2.4100 -2.3203 -2.3202 -2.3200 -2.3300 -2.3300 -2.3300 -2.2301 -2.2300 -2.1301 -2.1300 -2.1399 -2.1499 -2.1799 -2.0604 -2.0303 -2.0799 -2.0599 -2.0300 -2.0201 -2.0699 -1.8509 -1.8303 -1.9597 -1.9401 -1.9598 -1.8602 -1.7702 -1.6000 -1.2809 -1.1621 -1.5607 -2.0700 -2.0612 -1.5524 -1.2507 -0.9308 -0.9298 -0.9998 -0.9900 -1.0099
-2.7800 -2.7797 -2.6800 -2.6898 -2.5903 -2.6998 -2.6103 -2.6200 -2.6998 -2.6998 -2.6098 -2.6100 -2.6397 -2.7899 -2.8899 -2.8201 -2.7001 -2.7000 -2.7000 -2.6097 -2.4401 -2.4500 -2.5199 -2.5201 -2.5098 -2.4101 -2.4200 -2.3201 -2.3300 -2.4296 -2.4298 -2.4397 -2.3302 -2.2301 -2.2300 -2.2298 -2.1302 -2.2695 -2.2498 -2.2897 -2.0604 -2.1695 -1.9308 -1.9303 -2.0497 -1.9304 -2.0399 -2.0396 -1.8404 -1.8502 -1.9398 -1.8405 -1.8500 -1.8697 -1.7499 -1.3508 -1.1804 -1.0515 -1.2713 -1.3614 -1.2609 -1.0510 -0.9403 -0.9300 -1.0595 -1.1593 -1.0104
-2.7900 -2.7900 -2.6800 -2.6900 -2.6898 -2.7000 -2.7995 -2.7098 -2.7199 -2.8197 -2.7298 -2.7497 -2.7697 -2.7900 -2.8999 -2.8201 -2.7998 -2.7001 -2.7000 -2.6300 -2.5698 -2.6694 -2.5401 -2.5200 -2.5100 -2.4201 -2.4300 -2.3301 -2.3300 -2.3302 -2.4299 -2.5396 -2.4399 -2.3399 -2.3298 -2.2302 -2.2397 -2.2600 -2.2600 -2.1804 -1.9407 -1.9405 -2.0595 -1.9402 -1.6913 -1.7204 -1.9298 -1.9402 -1.8800 -1.9695 -1.8306 -1.8201 -1.7305 -1.7502 -1.7600 -1.5202 -1.2206 -1.2992 -1.0611 -1.0607 -1.0505 -0.9505 -0.9400 -0.9400 -0.9303 -0.9803 -1.3482
-2.9197 -2.8997 -2.7898 -2.7997 -2.7997 -2.9095 -2.9197 -2.8098 -2.7101 -2.8100 -2.8497 -2.8697 -2.8897 -2.8997 -2.9997 -2.9198 -2.8001 -2.7001 -2.6801 -2.5204 -2.5700 -2.6400 -2.5301 -2.5200 -2.6196 -2.4202 -2.4300 -2.3401 -2.3400 -2.3400 -2.3402 -2.4401 -2.4500 -2.3402 -2.2503 -2.2400 -2.2500 -2.2600 -2.2799 -2.1901 -1.8408 -1.7108 -1.6909 -1.9794 -2.0590 -1.6908 -1.9594 -1.9500 -1.9399 -1.9799 -1.8303 -1.8200 -1.6207 -1.6104 -1.6203 -1.5103 -1.2306 -1.1705 -1.0404 -0.9505 -1.0398 -0.9502 -0.9400 -0.9400 -0.9300 -0.9202 -1.0703
-3.0697 -2.9299 -2.9197 -2.9496 -2.8200 -2.9499 -3.0696 -2.8201 -2.8596 -2.8200 -2.7503 -2.8699 -3.0096 -3.0097 -2.9900 -2.9300 -2.8001 -2.7400 -2.5305 -2.6496 -2.7295 -2.6202 -2.5201 -2.6197 -2.5303 -2.5297 -2.4401 -2.3401 -2.3400 -2.3400 -2.3400 -2.4498 -2.3504 -2.3599 -2.3398 -2.3497 -2.2701 -2.2799 -2.2003 -1.9709 -1.8402 -1.8397 -1.5807 -1.7005 -1.9498 -1.9494 -1.6016 -1.8398 -1.8402 -1.7308 -1.8397 -1.8400 -1.7499 -1.4909 -1.3709 -1.4898 -1.2306 -1.0806 -1.2093 -1.1198 -1.0402 -0.9502 -0.9400 -0.9400 -0.9300 -0.9200 -0.9204
-3.2995 -3.0697 -2.9599 -3.2093 -3.0894 -3.0597 -3.0899 -2.9298 -3.0794 -2.9797 -2.9894 -2.9897 -3.0100 -3.0898 -2.9801 -2.9300 -2.8300 -2.7102 -2.6298 -2.7197 -2.6204 -2.6300 -2.5201 -2.6199 -2.5301 -2.4403 -2.4400 -2.4398 -2.4497 -2.3501 -2.3500 -2.3502 -2.3500 -2.4496 -2.3501 -2.2504 -2.2799 -2.2999 -2.2998 -2.1000 -1.8305 -1.8400 -1.5904 -1.4708 -1.5807 -1.9393 -1.8496 -1.9396 -1.9497 -1.9594 -1.8403 -1.8400 -1.8597 -1.7496 -1.3908 -1.3604 -1.2204 -1.1799 -1.1701 -1.1102 -1.0302 -1.0398 -0.9403 -0.9400 -0.9300 -0.8902 -0.9199
-3.3798 -3.3992 -3.1895 -3.2100 -3.2994 -3.1997 -3.1898 -3.2093 -3.1000 -3.0000 -3.0997 -3.1097 -3.0101 -3.0501 -2.9302 -2.9400 -2.8301 -2.7101 -2.7198 -2.7200 -2.7197 -2.6301 -2.6297 -2.5303 -2.5400 -2.4401 -2.4500 -2.4500 -2.4500 -2.3900 -2.3799 -2.3700 -2.3500 -2.3702 -2.3700 -2.2601 -2.3497 -2.3001 -2.0809 -1.9705 -2.0891 -1.8305 -1.7398 -1.7194 -1.5703 -1.4614 -1.5705 -1.9791 -1.9401 -1.8405 -1.8599 -1.8500 -1.7505 -1.7301 -1.7590 -1.4903 -1.3301 -1.1903 -1.1501 -1.2096 -1.1300 -1.0402 -1.0298 -0.9402 -0.8902 -0.8104 -0.8501
-3.5596 -3.4698 -3.2998 -3.3097 -3.3000 -3.2200 -3.1900 -3.3097 -3.2098 -3.0998 -3.2097 -3.1898 -3.1098 -2.9902 -2.9400 -2.9300 -2.8201 -2.8197 -2.7201 -2.7200 -2.7300 -2.6301 -2.6300 -2.6397 -2.5401 -2.5397 -2.4501 -2.4500 -2.4500 -2.4897 -2.4798 -2.4000 -2.3899 -2.4099 -2.3999 -2.2602 -2.2602 -2.2701 -2.1799 -1.9305 -2.0997 -1.8305 -1.7302 -1.8694 -1.8692 -1.7097 -1.4608 -1.4812 -1.8694 -1.9396 -1.8403 -1.8400 -1.8597 -1.7303 -1.6306 -1.5102 -1.3404 -1.1804 -1.1600 -1.2099 -1.0705 -1.0102 -0.9802 -0.9003 -0.8104 -0.7603 -0.7901
-3.6598 -3.4700 -3.4097 -3.1904 -3.3000 -3.3098 -3.2100 -3.1704 -3.2200 -3.1998 -3.2100 -3.1900 -3.1100 -3.0898 -2.9202 -2.9200 -2.8201 -2.8200 -2.7300 -2.7300 -2.6304 -2.6300 -2.5304 -2.6399 -2.5501 -2.5799 -2.6096 -2.4801 -2.4700 -2.4003 -2.4998 -2.4001 -2.4099 -2.4000 -2.1909 -2.2798 -2.2600 -2.2700 -2.1702 -2.0499 -2.1696 -1.8505 -1.6804 -1.5809 -1.7102 -1.9887 -1.4710 -1.3705 -1.4808 -1.6106 -1.8395 -1.8699 -1.8600 -1.8398 -1.7300 -1.6299 -1.2113 -1.1900 -1.1700 -1.1204 -1.0403 -0.9504 -0.8904 -0.8900 -0.8301 -0.7602 -0.6905
-3.6700 -3.4800 -3.4898 -3.2998 -3.4097 -3.3998 -3.3098 -3.1900 -3.1701 -3.2199 -3.1901 -3.2099 -3.0802 -3.0900 -2.9201 -2.9200 -2.8300 -2.8300 -2.7301 -2.7300 -2.7297 -2.6401 -2.6596 -2.5503 -2.5500 -2.4803 -2.5003 -2.5996 -2.5000 -2.5097 -2.4901 -2.4101 -2.2905 -2.4098 -2.3995 -2.2901 -2.3098 -2.1605 -2.2795 -2.1699 -1.9709 -2.0593 -1.9993 -1.8695 -1.7302 -1.9795 -1.7497 -1.3807 -1.6391 -1.7295 -1.8597 -1.8401 -1.8500 -1.8798 -1.7403 -1.3616 -1.2004 -1.1900 -1.1004 -1.0503 -0.9803 -0.9799 -0.9201 -0.8204 -0.7504 -0.6903 -0.6303
-3.6600 -3.5598 -3.4900 -3.4097 -3.3801 -3.4000 -3.3100 -3.2200 -3.2099 -3.1901 -3.2199 -3.2100 -3.0900 -2.9804 -3.0197 -2.9300 -2.9297 -2.8301 -2.8297 -2.7301 -2.7300 -2.6600 -2.6700 -2.6697 -2.5601 -2.5797 -2.6097 -2.6000 -2.4902 -2.5100 -2.4801 -2.4001 -2.3001 -2.3999 -2.4000 -2.2902 -2.3100 -2.0806 -2.1701 -2.1899 -2.1098 -1.8411 -2.0694 -1.9600 -1.7304 -1.6411 -1.9887 -1.4907 -1.4904 -1.8788 -1.9795 -1.8602 -1.8600 -1.6312 -1.8592 -1.2318 -1.1901 -1.1303 -1.0404 -0.9803 -0.9701 -0.9203 -0.8603 -0.8002 -0.7203 -0.6602 -0.5704
-3.6600 -3.6597 -3.4900 -3.4000 -3.4697 -3.3901 -3.3001 -3.3098 -3.3097 -3.1801 -3.2100 -3.1801 -3.0602 -3.1196 -3.0201 -3.0297 -2.9301 -2.9297 -2.9397 -2.8398 -2.7500 -2.6501 -2.6600 -2.5604 -2.5799 -2.5700 -2.6100 -2.5901 -2.4802 -2.4900 -2.4999 -2.3902 -2.2902 -2.4098 -2.3004 -2.2801 -2.3000 -2.0804 -2.1798 -2.0904 -2.0801 -1.8504 -2.0696 -1.9702 -1.9992 -1.8597 -1.9698 -1.6203 -1.3808 -1.7396 -1.8899 -1.8501 -1.8699 -1.8694 -1.6113 -1.3005 -1.1306 -1.0405 -0.9803 -0.9800 -0.9004 -0.8404 -0.7804 -0.7403 -0.7002 -0.6203 -0.6000
-3.6401 -3.6301 -3.5399 -3.5695 -3.4401 -3.3701 -3.3000 -3.3100 -3.1904 -3.0704 -3.1900 -3.1601 -3.1597 -3.0303 -3.0200 -2.9403 -2.9300 -2.8403 -2.9598 -2.8401 -2.7501 -2.7497 -2.7498 -2.6598 -2.5801 -2.5600 -2.6099 -2.6000 -2.4702 -2.4900 -2.5000 -2.4101 -2.3101 -2.4198 -2.3101 -2.3000 -2.3000 -2.2197 -2.1004 -2.1697 -2.1897 -2.1891 -2.0702 -1.9702 -1.9701 -2.0891 -1.9802 -1.9790 -1.7395 -1.3618 -1.4610 -1.8790 -1.7506 -1.8797 -1.7400 -1.5697 -1.0614 -1.0202 -0.9801 -0.9004 -0.8204 -0.7703 -0.7103 -0.6504 -0.6501 -0.6400 -0.5603
-3.5403 -3.5403 -3.5500 -3.4404 -3.3602 -3.4398 -3.2004 -3.2701 -3.0206 -2.9404 -3.0204 -3.2397 -3.1401 -3.0002 -3.0997 -3.0398 -2.9400 -2.9397 -2.8404 -2.8400 -2.7501 -2.7500 -2.6603 -2.6600 -2.5701 -2.5700 -2.4705 -2.5002 -2.4800 -2.3107 -2.3205 -2.3003 -2.1905 -2.3101 -2.4195 -2.3201 -2.3199 -2.2899 -2.1999 -2.2099 -2.1801 -2.1800 -2.1896 -1.9804 -1.9700 -2.0798 -2.0001 -1.9900 -1.9893 -1.7693 -1.4706 -1.4811 -1.7693 -1.7405 -1.7102 -1.6201 -0.9917 -0.9901 -0.9203 -0.8304 -0.7504 -0.6904 -0.6105 -0.5902 -0.6001 -0.6299 -0.6298
-3.5400 -3.5400 -3.4503 -3.3602 -3.3401 -3.3403 -3.3396 -3.2401 -3.0301 -2.9600 -3.0399 -3.2798 -3.1401 -3.0997 -3.1100 -3.0201 -2.9201 -2.9201 -2.8600 -2.8500 -2.7501 -2.7600 -2.6601 -2.6600 -2.5701 -2.5700 -2.4701 -2.4800 -2.4900 -2.0613 -1.9313 -2.1900 -2.1900 -2.3198 -2.4199 -2.3202 -2.2105 -2.2202 -2.1801 -2.2099 -2.1801 -2.1900 -2.1800 -2.0799 -1.9802 -1.9803 -1.9900 -1.8905 -1.9898 -1.9695 -1.8790 -1.7595 -1.3620 -1.3810 -1.3710 -1.5697 -1.2301 -0.9209 -0.8305 -0.7703 -0.7202 -0.6702 -0.5903 -0.5999 -0.5901 -0.6199 -0.5703
-3.4403 -3.5400 -3.4500 -3.4697 -3.3400 -3.3400 -3.2403 -3.2400 -3.0700 -2.9501 -3.1296 -3.2700 -3.2298 -3.1100 -3.1000 -3.0101 -3.0197 -2.9300 -2.8302 -2.8599 -2.8597 -2.7601 -2.7597 -2.6701 -2.6697 -2.5701 -2.4801 -2.4800 -2.4203 -2.2895 -1.8508 -2.0601 -2.1898 -2.3198 -2.4298 -2.3202 -2.2102 -2.2200 -2.1801 -2.1900 -2.1800 -2.1900 -2.0805 -2.0800 -1.9802 -1.9700 -1.9900 -1.8802 -1.7609 -1.8800 -1.9795 -1.8699 -1.6994 -1.3608 -1.2804 -1.2311 -0.8918 -1.2681 -1.2787 -1.2189 -0.7213 -0.5508 -0.6098 -0.6100 -0.6099 -0.6001 -0.5900
-3.4599 -3.4503 -3.4400 -3.3603 -3.3400 -3.3400 -3.2400 -3.2400 -3.1897 -3.0697 -3.1698 -3.2301 -3.2001 -3.1001 -3.1000 -3.0101 -3.0100 -2.9201 -2.9197 -2.8202 -2.7305 -2.7201 -2.6703 -2.6700 -2.6700 -2.6797 -2.5798 -2.4801 -2.4997 -2.2903 -1.8506 -1.8307 -1.9505 -2.0905 -2.3200 -2.3200 -2.2002 -2.0906 -2.1002 -2.1898 -2.1800 -2.1900 -2.1996 -2.0802 -2.0797 -2.0697 -2.0001 -1.9001 -1.7404 -1.9892 -1.8706 -1.8004 -1.6306 -1.5397 -1.4796 -0.9023 -0.8403 -0.7617 -0.7615 -0.8807 -1.0088 -0.6805 -0.6699 -0.6002 -0.5801 -0.6099 -0.6000
-3.3703 -3.4400 -3.4400 -3.4597 -3.3600 -3.3400 -3.3397 -3.2400 -3.2399 -3.2395 -3.2398 -3.2400 -3.1004 -3.1000 -3.1100 -3.0101 -3.0200 -2.9101 -2.9200 -2.9197 -2.9194 -2.8198 -2.8295 -2.7200 -2.6203 -2.5803 -2.5800 -2.5897 -2.5997 -2.2804 -1.8804 -1.8699 -1.8404 -1.9503 -2.2099 -2.2203 -2.1005 -2.2294 -1.9808 -1.9806 -2.1996 -2.2000 -2.1900 -2.1897 -2.0802 -2.0899 -1.9902 -1.7708 -1.8694 -1.9897 -1.8703 -1.8797 -1.7101 -1.3713 -1.2012 -0.8609 -0.8003 -0.7501 -0.7600 -0.7106 -0.6711 -0.9982 -0.6709 -0.6599 -0.7294 -0.6501 -0.5902
-3.4498 -3.4400 -3.4400 -3.4500 -3.3600 -3.3599 -3.3500 -3.2500 -3.2400 -3.2400 -3.2400 -3.2400 -3.1001 -3.1000 -3.1100 -3.0101 -3.0100 -2.9200 -2.9200 -2.9200 -2.9200 -2.8201 -2.8300 -2.7301 -2.6301 -2.6299 -2.6498 -2.6199 -2.6100 -2.4995 -1.9804 -1.9797 -1.8701 -2.1789 -2.2100 -2.4290 -2.3195 -2.3197 -2.3090 -2.0900 -1.9808 -2.0901 -2.1998 -2.1900 -2.1001 -2.0900 -2.0897 -1.8602 -2.0093 -1.9801 -1.8802 -1.7407 -1.2326 -0.8922 -0.8611 -0.7804 -1.2476 -1.0794 -1.0492 -1.0390 -0.5615 -0.7304 -0.9884 -0.9492 -0.7803 -0.7299 -0.6103
-3.4500 -3.4500 -3.3503 -3.3503 -3.3600 -3.3600 -3.2603 -3.3497 -3.2799 -3.2400 -3.2400 -3.2400 -3.1100 -3.1100 -3.1100 -3.0200 -3.0200 -2.9201 -2.9200 -2.9300 -2.9200 -2.9197 -2.8301 -2.8297 -2.7298 -2.6301 -2.6599 -2.6798 -2.6798 -2.5301 -2.3591 -2.0701 -2.1490 -2.4288 -2.4194 -2.4200 -2.2903 -2.2901 -2.2901 -2.3093 -2.0801 -2.2194 -2.2000 -2.1104 -2.1896 -2.1001 -2.1000 -1.9898 -1.9503 -1.8804 -1.7109 -1.4017 -0.8922 -0.8204 -0.8002 -0.6308 -1.2088 -0.7422 -0.5818 -0.5516 -0.8285 -0.6606 -0.6511 -0.6708 -0.9487 -1.0686 -0.6709
-3.4500 -3.3503 -3.3500 -3.3500 -3.3500 -3.2603 -3.3497 -3.2304 -3.2700 -3.2400 -3.2400 -3.2101 -3.1101 -3.1100 -3.1100 -3.0201 -3.0200 -2.9201 -2.9300 -2.9200 -2.9200 -2.9897 -2.8700 -2.8300 -2.7401 -2.7397 -2.7497 -2.7697 -2.6702 -2.6795 -2.6093 -2.4789 -2.5288 -2.5197 -2.3903 -2.5095 -2.3899 -2.3996 -2.3001 -2.3000 -2.1998 -2.1901 -2.3990 -2.2001 -2.1900 -2.0902 -2.0801 -2.0897 -2.0100 -1.8703 -1.5412 -0.9029 -0.7309 -0.6507 -0.6306 -1.2467 -1.2399 -0.7710 -0.7097 -0.7195 -1.1479 -0.6414 -0.6400 -0.6301 -0.9392 -1.0199 -1.0090
