unsorted/matchExtract/prism.asc
ncols	121
nrows	121
xllcorner	-122.0041
yllcorner	43.9958
cellsize	0.0083
NODATA_value	-9999.0000
[rows 87 to 115 of 121, columns 0 to 66 of 121]
-3.3503 -3.3500 -3.3500 -3.3500 -3.3500 -3.3497 -3.3500 -3.3496 -3.3398 -3.2400 -3.2400 -3.1104 -3.1100 -3.1100 -3.1200 -3.0201 -2.9204 -2.9300 -2.9200 -2.9200 -2.9598 -2.7310 -2.8997 -2.7305 -2.7400 -2.6404 -2.6702 -2.7699 -2.6801 -2.6900 -2.5802 -2.6992 -2.5999 -2.4803 -2.5793 -2.4902 -2.4797 -2.4897 -2.3899 -2.3798 -2.3794 -2.2799 -2.4097 -2.2999 -2.1902 -2.1897 -2.0305 -1.9207 -1.8606 -1.7904 -1.3714 -0.8612 -0.6905 -0.6401 -1.3461 -1.2005 -0.7327 -0.6506 -0.6999 -0.6603 -1.3079 -0.9698 -0.6309 -0.6101 -0.6806 -1.0191 -1.0399
-3.3500 -3.3600 -3.3600 -3.3500 -3.3500 -3.3500 -3.2504 -3.3400 -3.3400 -3.2400 -3.2400 -3.1101 -3.1100 -3.1200 -3.0204 -3.0200 -2.9300 -2.9300 -2.9200 -2.9300 -2.9799 -2.8697 -2.8701 -2.7401 -2.7400 -2.6501 -2.7596 -2.7899 -2.7697 -2.7897 -2.6699 -2.6800 -2.5802 -2.5797 -2.5800 -2.5897 -2.4802 -2.4800 -2.3901 -2.3900 -2.3900 -2.3797 -2.3900 -2.3897 -2.2899 -2.1404 -1.9705 -1.9499 -1.7806 -1.6706 -1.0324 -0.8604 -0.6904 -1.0976 -1.3594 -0.7329 -0.7101 -0.6899 -0.6602 -0.6003 -0.5525 -1.0684 -1.1183 -1.0587 -1.0190 -1.1890 -1.1001
-3.3600 -3.2504 -3.2603 -3.3599 -3.3500 -3.3500 -3.3497 -3.3400 -3.2404 -3.2400 -3.2400 -3.1101 -3.1200 -3.1200 -3.0201 -3.0300 -2.9301 -2.9200 -2.9200 -2.9300 -2.9302 -2.8302 -2.8401 -2.7401 -2.6504 -2.6500 -2.7599 -2.7601 -2.7700 -2.6705 -2.6700 -2.6800 -2.5801 -2.5900 -2.5800 -2.5800 -2.5797 -2.5896 -2.3903 -2.3900 -2.4796 -2.4797 -2.4797 -2.3802 -2.3001 -2.1801 -2.0102 -1.8904 -1.7205 -1.6204 -1.0313 -0.9598 -1.0089 -1.4181 -0.5744 -0.7197 -0.6702 -0.7397 -0.6602 -0.6698 -0.7193 -0.7311 -0.7312 -1.0492 -1.0797 -1.1599 -1.1499
-3.2504 -3.2500 -3.2600 -3.2603 -3.2503 -3.4496 -3.3401 -3.3400 -3.2400 -3.2400 -3.2400 -3.1101 -3.1200 -3.0204 -3.0200 -3.0300 -2.9301 -2.9300 -2.9300 -2.9300 -2.8304 -2.8400 -2.7404 -2.7400 -2.7497 -2.7596 -2.7700 -2.7700 -2.7700 -2.6701 -2.6800 -2.6800 -2.5801 -2.5800 -2.5800 -2.5900 -2.4805 -2.4007 -2.4000 -2.4895 -2.4900 -2.4800 -2.4701 -2.3006 -2.1309 -2.1103 -1.9406 -1.8304 -1.6904 -1.4610 -1.1403 -1.4478 -1.5281 -1.3606 -0.6315 -0.7795 -0.8393 -0.8098 -0.7499 -0.7398 -0.7797 -0.7798 -0.8991 -0.9701 -1.0399 -1.0106 -1.1397
-3.2600 -3.2600 -3.2600 -3.2600 -3.4593 -3.3504 -3.3400 -3.3400 -3.2400 -3.2400 -3.2101 -3.1101 -3.1200 -3.1197 -3.0201 -3.0300 -2.9201 -2.9300 -2.9300 -2.8304 -2.8400 -2.7404 -2.7400 -2.7500 -2.7600 -2.7700 -2.7700 -2.6704 -2.6703 -2.6800 -2.6800 -2.5805 -2.5900 -2.5900 -2.5900 -2.4905 -2.4900 -2.4001 -2.4896 -2.4900 -2.5895 -2.5598 -2.3906 -2.3201 -2.1105 -2.0603 -1.7711 -1.7801 -1.6902 -1.4505 -1.1605 -1.5687 -1.5500 -1.2908 -0.8006 -0.8198 -0.8996 -0.9793 -0.9196 -0.8200 -0.8696 -0.8697 -0.9397 -0.9500 -1.0099 -1.0796 -1.0802
-3.3497 -3.3597 -3.3597 -3.3696 -3.3803 -3.3500 -3.3400 -3.3400 -3.2400 -3.2400 -3.2100 -3.1200 -3.1200 -3.0204 -3.0300 -3.0200 -2.9201 -2.9300 -2.9300 -2.8301 -2.8400 -2.7401 -2.6404 -2.7499 -2.7699 -2.7700 -2.7700 -2.6701 -2.6800 -2.6800 -2.6800 -2.6896 -2.6897 -2.5901 -2.5900 -2.4902 -2.4900 -2.4997 -2.4900 -2.4601 -2.4405 -2.3907 -2.2209 -2.0512 -2.0601 -1.9008 -1.7703 -1.7302 -1.7199 -1.6793 -1.5788 -1.7391 -1.3117 -1.1409 -0.9698 -0.9894 -1.1587 -1.0202 -0.9202 -0.9893 -1.0393 -0.9301 -0.9698 -1.0097 -1.0398 -1.0302 -1.0500
-3.3600 -3.2604 -3.3699 -3.3600 -3.3800 -3.3699 -3.3500 -3.3400 -3.2400 -3.2400 -3.2100 -3.1101 -3.1200 -3.0300 -3.0300 -3.0200 -2.9201 -2.9300 -2.9300 -2.8400 -2.8400 -2.7401 -2.7496 -2.7600 -2.7700 -2.7700 -2.6705 -2.6800 -2.6800 -2.6800 -2.6800 -2.6900 -2.6900 -2.5901 -2.5900 -2.5897 -2.5897 -2.4902 -2.4601 -2.2909 -2.3900 -2.2209 -2.1802 -2.0204 -2.0102 -1.8107 -1.7900 -1.6903 -1.6702 -1.6800 -1.7493 -1.5908 -1.3007 -1.1503 -1.0002 -1.0696 -1.1300 -2.0344 -1.4994 -1.1603 -1.0900 -1.0994 -1.1393 -1.0501 -0.9903 -1.0299 -1.0102
-3.2803 -3.2700 -3.3600 -3.3500 -3.3501 -3.3102 -3.3101 -3.2105 -3.2400 -3.2400 -3.1104 -3.1200 -3.1200 -3.0301 -3.0200 -2.9304 -2.9300 -2.9300 -2.9300 -2.8401 -2.8400 -2.8496 -2.7601 -2.7700 -2.7700 -2.6705 -2.6800 -2.6800 -2.6800 -2.7994 -2.7200 -2.6900 -2.6900 -2.5901 -2.5900 -2.4905 -2.4306 -2.4402 -2.3804 -2.2404 -2.2206 -2.1902 -2.1203 -2.0202 -1.8210 -1.8200 -1.8497 -1.8495 -1.7101 -1.8491 -1.8198 -1.7596 -1.3607 -1.2101 -1.0900 -1.1496 -1.2096 -2.1474 -2.0384 -1.2218 -1.1599 -1.1797 -1.1997 -1.1995 -1.1297 -0.9905 -1.0596
-3.2800 -3.2700 -3.3500 -3.3500 -3.3500 -3.3100 -3.3100 -3.2100 -3.2101 -3.1404 -3.1100 -3.1200 -3.0204 -3.0300 -3.0200 -2.9301 -2.9300 -2.9300 -2.9300 -2.8401 -2.8400 -2.8500 -2.8596 -2.7701 -2.7700 -2.7697 -2.6801 -2.6800 -2.7795 -2.7900 -2.7002 -2.6900 -2.6900 -2.5901 -2.5900 -2.4304 -2.4300 -2.3803 -2.2109 -2.2002 -2.0707 -2.0406 -2.0303 -1.9404 -1.9296 -1.9197 -1.8999 -1.8998 -1.8795 -1.8700 -1.8201 -1.7502 -1.5299 -1.3798 -1.2100 -1.2197 -1.2200 -1.9489 -2.0497 -1.2817 -1.3293 -1.3494 -1.3694 -1.3297 -1.1703 -1.1396 -1.0900
-3.2800 -3.2600 -3.3599 -3.3500 -3.3500 -3.3100 -3.2104 -3.2100 -3.2100 -3.1201 -3.1200 -3.1200 -3.0300 -3.0200 -2.9304 -2.9300 -2.9300 -2.9300 -2.8404 -2.8400 -2.8500 -2.8600 -2.8700 -2.7701 -2.7700 -2.7800 -2.6801 -2.7795 -2.6904 -2.6903 -2.6900 -2.6900 -2.5905 -2.5900 -2.5601 -2.3904 -2.3603 -2.2307 -2.1901 -2.0905 -2.0601 -2.0400 -1.9405 -1.9400 -2.0195 -1.9102 -1.9000 -1.9000 -1.9298 -1.9795 -1.8999 -1.7105 -1.5801 -1.4600 -1.3001 -1.3196 -1.2600 -1.4314 -1.5017 -1.3303 -1.3499 -1.3898 -1.3800 -1.3500 -1.3394 -1.2101 -1.1102
-3.2700 -3.3497 -3.3600 -3.3500 -3.3500 -3.3100 -3.2100 -3.2100 -3.1204 -3.1200 -3.1200 -3.1200 -3.0201 -3.0200 -2.9301 -2.9300 -2.9300 -2.8304 -2.8400 -2.7504 -2.7504 -2.8599 -2.7704 -2.7700 -2.7700 -2.7800 -2.7796 -2.6805 -2.6900 -2.6900 -2.6900 -2.6900 -2.5901 -2.5601 -2.4008 -2.4099 -2.2407 -2.1405 -2.1103 -2.1000 -2.0899 -2.0003 -1.9998 -2.0296 -2.0399 -1.9202 -1.9597 -1.9598 -2.0991 -2.0300 -1.9500 -1.8298 -1.6800 -1.4406 -1.2804 -1.2205 -1.2698 -1.3103 -1.3504 -1.2803 -1.3598 -1.4993 -1.5095 -1.5194 -1.4100 -1.3199 -1.1603
-3.2600 -3.2504 -3.3500 -3.3500 -3.3400 -3.2104 -3.2100 -3.2100 -3.1101 -3.1200 -3.0204 -3.0303 -3.0200 -3.0300 -2.9301 -2.9300 -2.9400 -2.9297 -2.8401 -2.7501 -2.8595 -2.8700 -2.7701 -2.7700 -2.7800 -2.7800 -2.7800 -2.6901 -2.6900 -2.6900 -2.6900 -2.6900 -2.5901 -2.5103 -2.3703 -2.3403 -2.1705 -2.1400 -2.1100 -2.1597 -2.1200 -2.1693 -2.1694 -2.0402 -2.2091 -2.0896 -2.1094 -2.1095 -2.0205 -2.0001 -2.0197 -2.0193 -1.9393 -1.5604 -1.2409 -1.2300 -1.2500 -1.3198 -1.3599 -1.3697 -1.3998 -1.6687 -1.6794 -1.6695 -1.5101 -1.3503 -1.4785
-3.2500 -3.2500 -3.3500 -3.3500 -3.2404 -3.2100 -3.2100 -3.2100 -3.1200 -3.1300 -3.0300 -3.0200 -3.0200 -3.0300 -2.9301 -2.9400 -2.9400 -2.9400 -2.8500 -2.8496 -2.8600 -2.8700 -2.7701 -2.7800 -2.7800 -2.7800 -2.6904 -2.6900 -2.6900 -2.6900 -2.6900 -2.6900 -2.5603 -2.4006 -2.3103 -2.3101 -2.1503 -2.2295 -2.1798 -2.1600 -2.1300 -2.2197 -2.2198 -2.2094 -2.2199 -2.1201 -2.1100 -2.1001 -2.1097 -2.0002 -1.9901 -2.0100 -1.9402 -1.4515 -1.3697 -1.3894 -1.4094 -1.4793 -1.3702 -1.3799 -1.5490 -1.8088 -1.6704 -1.6799 -1.6595 -1.5198 -1.5497
-3.2699 -3.2600 -3.3500 -3.2404 -3.2400 -3.2100 -3.2100 -3.1104 -3.1200 -3.0304 -3.0300 -3.0300 -3.0300 -2.9304 -2.9300 -2.9400 -2.9400 -2.8404 -2.8500 -2.8600 -2.8700 -2.8700 -2.7701 -2.7800 -2.7800 -2.7800 -2.7896 -2.6901 -2.6900 -2.7895 -2.6901 -2.5905 -2.5103 -2.3703 -2.3499 -2.2404 -2.2397 -2.2300 -2.3293 -2.2299 -2.2197 -2.2299 -2.2300 -2.2200 -2.1106 -2.1200 -2.1200 -2.1100 -2.1100 -2.0002 -2.0099 -2.0498 -1.7016 -1.4406 -1.3602 -1.4396 -1.6486 -1.4804 -1.4597 -1.3206 -1.6587 -1.7897 -1.9088 -1.7800 -1.7796 -1.7791 -1.6897
-3.3895 -3.3497 -3.3500 -3.2400 -3.2400 -3.2100 -3.2000 -3.1100 -3.1200 -3.0300 -3.0300 -3.0300 -3.0300 -2.9301 -2.9300 -2.9400 -2.9400 -2.8500 -2.8600 -2.8600 -2.8700 -2.8700 -2.7801 -2.7800 -2.7800 -2.7900 -2.7900 -2.7896 -2.6901 -2.6904 -2.5905 -2.5900 -2.5101 -2.3503 -2.3500 -2.2402 -2.2400 -2.3295 -2.3300 -2.3296 -2.2202 -2.2200 -2.2300 -2.2300 -2.2196 -2.1202 -2.1200 -2.1299 -2.1299 -2.0699 -2.0598 -1.9208 -1.4022 -1.3604 -1.3600 -1.5293 -2.1069 -1.6008 -1.5100 -1.7975 -1.9287 -1.8997 -1.8702 -1.7604 -1.7501 -1.7600 -1.6703
-3.3900 -3.3400 -3.3400 -3.2400 -3.2400 -3.2100 -3.1104 -3.1100 -3.1200 -3.0201 -3.0300 -3.0300 -2.9304 -2.9300 -2.9300 -2.9400 -2.9400 -2.9496 -2.8601 -2.8700 -2.8700 -2.8700 -2.7801 -2.7800 -2.7800 -2.7900 -2.6905 -2.6904 -2.5905 -2.6899 -2.5901 -2.5005 -2.4403 -2.3402 -2.3400 -2.3297 -2.3297 -2.3300 -2.3300 -2.3300 -2.3296 -2.3196 -2.2302 -2.1405 -2.2397 -2.2296 -2.1302 -1.5632 -1.4130 -1.4124 -1.5715 -1.8000 -1.4804 -1.4597 -1.4696 -1.5299 -2.1186 -1.5913 -1.7587 -1.9192 -1.8008 -1.8699 -1.8700 -1.8597 -1.7503 -1.8792 -1.7898
-3.2705 -3.2404 -3.2404 -3.2300 -3.2400 -3.2001 -3.1100 -3.1200 -3.0304 -3.0200 -3.0300 -2.9304 -2.9300 -2.9300 -2.8404 -2.9399 -2.9500 -2.9600 -2.8601 -2.8700 -2.8700 -2.8700 -2.7801 -2.7800 -2.7900 -2.7900 -2.5906 -2.5904 -2.5900 -2.5904 -2.5900 -2.4404 -2.4400 -2.3401 -2.3400 -2.3300 -2.3300 -2.3300 -2.3300 -2.3300 -2.3300 -2.2206 -2.2200 -2.2197 -2.2201 -2.1206 -2.1499 -1.4916 -1.5792 -1.5396 -1.4009 -1.4810 -1.4899 -1.4998 -1.4601 -1.5994 -1.6218 -1.4012 -2.0175 -1.9898 -1.6415 -2.0185 -1.9201 -1.8800 -1.8696 -1.8899 -1.8002
-3.3397 -3.3396 -3.2400 -3.2300 -3.2300 -3.1004 -3.1100 -3.1200 -3.0201 -3.0300 -2.9304 -2.9400 -2.9400 -2.8404 -2.8400 -2.8503 -2.9499 -2.8605 -2.8600 -2.8700 -2.8700 -2.8700 -2.7801 -2.7800 -2.7900 -2.6905 -2.6896 -2.6896 -2.5901 -2.4408 -2.4406 -2.3405 -2.3404 -2.3400 -2.3400 -2.3400 -2.3300 -2.3300 -2.3300 -2.3300 -2.3300 -2.3196 -2.3196 -2.3196 -2.2301 -2.2495 -2.1403 -1.5708 -2.1566 -1.5810 -1.5694 -1.4703 -1.5397 -1.6194 -1.4604 -1.6196 -1.5504 -2.0165 -1.9902 -1.6521 -1.6897 -1.6912 -2.0287 -1.8705 -1.8799 -1.9098 -1.8003
-3.3400 -3.2404 -3.2300 -3.2400 -3.1304 -3.1100 -3.1200 -3.1100 -3.0200 -3.0300 -3.0296 -2.9400 -2.9400 -2.8401 -2.7405 -2.8499 -2.9599 -2.8700 -2.8700 -2.8700 -2.8700 -2.8800 -2.8597 -2.7801 -2.6905 -2.6900 -2.5905 -2.5904 -2.4408 -2.4400 -2.3405 -2.3400 -2.2405 -2.2404 -2.2404 -2.3398 -2.3300 -2.3300 -2.3300 -2.3300 -2.3300 -2.3300 -2.3200 -2.3200 -2.0313 -1.6033 -1.6816 -1.5702 -2.2582 -1.6212 -1.6099 -1.6194 -1.5700 -1.6398 -1.4902 -1.6595 -2.0372 -2.1393 -1.6624 -1.6202 -1.7296 -1.6504 -2.0290 -1.9102 -1.9099 -1.9100 -1.8003
-3.3400 -3.2301 -3.2300 -3.1304 -3.1300 -3.1100 -3.1200 -3.0104 -3.0200 -3.0200 -3.0300 -3.0297 -2.9401 -2.9396 -2.9492 -2.9596 -2.9600 -2.9597 -2.8701 -2.8003 -2.8003 -2.7207 -2.6907 -2.7302 -2.5308 -2.5306 -2.4307 -2.4406 -2.4400 -2.4400 -2.3401 -2.2405 -2.2400 -2.3395 -2.2401 -2.2404 -2.2304 -2.3298 -2.3300 -2.3300 -2.3300 -2.3201 -2.3200 -2.3200 -1.6527 -1.8188 -1.5013 -1.5699 -1.5230 -1.6297 -1.5504 -1.7491 -1.7294 -1.5607 -1.4902 -1.6596 -1.5422 -1.6516 -1.6202 -1.6498 -1.7099 -1.7098 -2.0391 -1.9203 -1.8007 -1.7706 -1.6310
-3.2404 -3.2300 -3.2400 -3.1400 -3.1101 -3.1100 -3.1001 -3.0100 -3.0200 -3.0200 -3.0300 -3.0300 -2.9401 -2.9500 -2.9500 -2.9003 -2.9600 -2.8903 -2.7804 -2.6308 -2.7899 -2.7002 -2.5308 -2.5606 -2.5698 -2.5300 -2.5296 -2.4401 -2.4400 -2.3405 -2.3400 -2.3396 -2.3297 -2.3300 -2.3396 -2.3396 -2.2401 -2.3299 -2.3300 -2.3201 -2.3200 -2.3200 -2.3200 -2.3299 -2.1583 -1.5920 -1.6195 -1.5701 -1.5002 -2.2560 -2.5654 -2.0698 -1.9693 -1.5609 -1.5796 -1.6399 -1.5899 -1.6101 -1.6697 -1.7196 -1.7200 -1.7398 -1.9101 -1.7809 -1.6311 -1.6504 -1.6003
-3.2301 -3.2300 -3.2300 -3.2396 -3.1100 -3.1100 -3.1000 -3.1096 -3.0200 -3.0200 -3.0300 -3.0300 -2.9301 -2.9500 -2.9002 -2.8403 -2.8703 -2.7208 -2.7600 -2.5903 -2.6206 -2.6203 -2.5599 -2.5699 -2.5302 -2.5300 -2.5300 -2.4302 -2.4400 -2.3401 -2.3400 -2.3400 -2.3300 -2.3300 -2.3300 -2.3300 -2.3296 -2.3300 -2.3300 -2.3200 -2.3299 -2.2305 -2.3298 -2.3300 -2.2200 -1.6707 -1.6797 -1.5603 -1.5101 -2.5666 -2.9974 -2.0819 -1.7516 -1.6697 -1.6796 -1.5904 -1.6297 -1.5007 -1.6398 -1.6900 -1.7100 -1.7201 -1.6711 -1.6108 -1.6200 -1.5009 -1.9076
-3.2300 -3.2300 -3.2300 -3.2400 -3.1100 -3.1000 -3.1100 -3.1100 -3.0200 -3.0200 -3.0300 -3.0300 -3.0296 -2.8704 -2.8303 -2.7902 -2.8202 -2.6504 -2.5907 -2.5402 -2.4806 -2.6199 -2.5601 -2.6197 -2.6196 -2.5202 -2.5300 -2.4301 -2.4300 -2.4396 -2.3401 -2.3301 -2.3300 -2.3300 -2.3300 -2.3300 -2.3300 -2.3300 -2.3300 -2.2405 -2.2404 -2.2400 -2.3298 -2.3399 -2.3196 -2.2776 -1.6513 -1.6298 -1.7090 -1.6438 -2.4803 -1.7628 -1.7003 -1.7694 -1.6901 -1.7095 -1.7594 -1.8583 -1.8194 -1.8095 -1.7798 -1.5612 -1.5803 -1.4907 -1.7687 -1.8881 -1.9099
-3.2300 -3.2300 -3.2300 -3.2400 -3.1001 -3.1100 -3.1100 -3.1100 -3.1096 -3.0200 -3.0300 -2.9703 -2.8608 -2.7008 -2.8001 -2.7601 -2.6508 -2.4808 -2.4904 -2.5101 -2.5696 -2.5702 -2.6197 -2.6200 -2.6200 -2.5201 -2.5200 -2.5296 -2.4301 -2.4300 -2.4396 -2.3401 -2.3300 -2.3300 -2.3300 -2.3300 -2.3300 -2.3300 -2.3300 -2.3296 -2.2302 -2.2499 -2.2404 -2.3299 -2.3300 -2.3099 -2.3471 -1.6215 -1.7198 -1.6004 -1.5240 -1.6303 -1.7793 -1.7501 -1.7994 -1.8294 -1.7701 -1.8995 -1.8202 -1.7107 -1.6010 -1.5899 -1.4906 -1.5893 -1.6404 -1.6013 -1.9290
-3.2201 -3.2300 -3.2400 -3.2400 -3.1000 -3.1100 -3.1100 -3.1100 -3.1200 -3.1196 -3.0599 -2.9103 -2.8003 -2.6304 -2.6307 -2.5907 -2.6002 -2.5000 -2.5099 -2.6095 -2.6098 -2.6198 -2.6200 -2.6200 -2.6200 -2.6196 -2.6196 -2.5202 -2.5196 -2.4301 -2.3405 -2.3400 -2.3400 -2.3300 -2.4294 -2.3302 -2.3300 -2.3300 -2.3300 -2.3300 -2.2501 -2.3196 -2.3396 -2.3400 -2.3300 -2.3200 -2.2108 -2.2275 -1.6713 -1.7095 -1.5204 -1.6099 -1.6703 -1.9386 -1.8103 -1.8200 -1.7801 -2.0090 -1.8999 -1.8694 -1.8888 -1.7596 -1.6596 -1.6200 -1.5804 -1.4311 -1.9187
-3.2200 -3.2300 -3.2400 -3.2300 -3.1996 -3.2096 -3.1100 -3.1100 -2.9508 -3.0403 -2.8908 -2.7408 -2.7203 -2.5504 -2.5802 -2.5104 -2.5701 -2.5299 -2.5996 -2.7095 -2.6101 -2.6100 -2.6200 -2.6200 -2.6200 -2.6200 -2.6200 -2.5201 -2.5200 -2.4301 -2.4296 -2.3401 -2.3301 -2.3300 -2.3304 -2.3300 -2.3300 -2.3300 -2.3300 -2.3399 -2.2203 -2.3198 -2.3201 -2.3300 -2.3300 -2.3300 -2.3196 -2.4091 -2.3473 -1.7610 -1.9280 -1.7697 -1.6702 -1.9195 -1.7109 -1.7601 -1.8793 -2.0296 -2.0295 -1.6220 -2.0085 -1.8997 -1.7600 -1.5906 -1.6992 -1.6989 -2.0286
-3.3196 -3.2300 -3.2400 -3.2300 -3.2000 -3.2100 -3.0702 -2.9507 -2.7808 -2.7612 -2.7207 -2.7101 -2.5508 -2.4803 -2.5103 -2.5797 -2.6297 -2.6495 -2.6995 -2.7100 -2.7096 -2.6996 -2.7096 -2.6101 -2.6200 -2.6200 -2.5205 -2.5200 -2.5200 -2.4301 -2.4300 -2.4296 -2.3301 -2.3300 -2.3300 -2.3399 -2.3300 -2.3300 -2.3300 -2.3300 -2.2102 -2.3397 -2.4194 -2.4196 -2.0121 -2.3194 -2.4194 -2.4100 -2.3104 -1.7810 -1.6117 -1.6802 -1.8489 -1.8006 -1.7698 -2.0183 -2.1386 -2.1395 -2.1495 -2.0087 -2.1391 -2.0198 -1.7607 -1.6699 -1.7496 -1.6604 -1.7112
-3.3200 -3.2300 -3.2201 -3.2300 -3.1005 -3.0606 -2.9008 -2.8903 -2.7203 -2.6804 -2.6802 -2.5408 -2.4704 -2.5098 -2.6792 -2.5900 -2.6300 -2.6898 -2.7000 -2.7000 -2.7995 -2.7996 -2.7996 -2.7097 -2.7096 -2.6102 -2.6096 -2.6196 -2.5201 -2.4202 -2.4300 -2.4300 -2.4296 -2.4296 -2.4296 -2.3302 -2.3300 -2.3300 -2.3300 -2.4294 -2.3496 -2.2506 -2.4098 -2.3802 -1.8616 -2.3788 -2.4199 -2.4200 -2.4096 -2.2583 -1.7107 -1.6900 -1.8099 -1.8795 -2.0087 -2.2485 -2.2396 -2.2296 -2.1403 -2.1494 -2.1301 -2.1494 -1.8603 -1.8592 -1.7304 -1.7098 -1.6405
-3.3200 -3.2101 -3.2200 -3.1205 -2.9507 -2.9007 -2.8403 -2.7407 -2.5707 -2.5207 -2.5107 -2.5300 -2.5297 -2.6792 -2.7298 -2.6896 -2.6897 -2.7994 -2.7001 -2.7995 -2.9094 -2.8399 -2.7602 -2.8294 -2.7101 -2.8090 -2.7097 -2.6102 -2.6196 -2.5197 -2.4202 -2.4300 -2.4300 -2.4300 -2.4300 -2.4296 -2.4296 -2.4296 -2.3302 -2.3404 -2.3102 -2.2402 -2.3302 -2.3799 -1.8212 -1.8124 -2.3294 -2.4099 -2.4100 -2.4094 -2.2481 -2.1185 -2.1286 -2.2482 -2.3682 -2.3397 -2.2303 -2.2002 -2.1997 -2.2097 -2.1501 -2.1003 -1.9301 -1.8900 -1.9688 -1.8994 -1.8095
