unsorted/matchExtract/prism.asc
ncols	121
nrows	121
xllcorner	-122.0041
yllcorner	43.9958
cellsize	0.0083
NODATA_value	-9999.0000
[rows 0 to 28 of 121, columns 0 to 66 of 121]
-0.8000 -0.7600 -0.6401 0.0502 1.3291 -0.0996 1.5293 1.8493 0.4905 0.6899 0.7501 1.6094 2.3593 2.5196 2.5200 2.3801 2.2101 1.6004 2.1395 2.2398 1.1011 1.8191 1.6003 2.0394 1.7203 1.8297 2.1394 1.8302 1.7300 1.7199 1.9195 2.1195 1.2811 1.3000 1.4198 1.6396 1.4203 1.3201 1.1502 1.0001 1.0896 0.8502 0.5405 0.7394 0.1810 0.1699 -0.0397 -0.1499 -0.3497 -0.5396 -0.5301 -0.6299 -0.6600 -0.7399 -1.0892 -1.2796 -1.3000 -1.2202 -1.1302 -1.2797 -1.1803 -1.0902 -0.6214 -0.5902 -0.4704 -0.3105 0.3979
-0.8501 -0.8500 -0.8300 0.9893 -0.2098 -0.1200 1.2694 0.3203 0.2900 0.6200 1.0101 1.2302 1.6898 1.8600 2.5794 2.3700 2.0402 1.4704 1.9194 1.9997 1.2706 1.3499 1.7196 1.6200 1.5200 1.4200 1.5197 1.3201 1.3199 1.3498 1.4198 1.5197 1.0307 1.4193 1.3598 1.4497 1.2203 1.0402 0.8303 0.6004 0.4602 0.2903 0.3200 0.1703 0.1700 -0.0396 -0.2396 -0.4396 -0.5298 -0.6298 -0.6301 -0.8196 -0.8201 -0.8500 -1.0895 -1.3993 -1.3003 -1.1603 -1.0502 -1.3691 -1.1905 -1.0900 -0.9900 -0.8202 -0.7299 -0.3906 -0.0407
-1.0400 -0.9301 -0.8101 0.1795 -0.5198 -0.1002 1.0494 0.2003 0.3200 1.0298 2.0194 2.1597 1.8402 2.1097 2.1399 2.0299 1.9200 1.3504 1.3499 1.4298 1.1402 1.2599 1.5196 1.3101 1.0702 0.9700 0.9798 0.9799 0.8900 0.9298 1.1396 1.1299 1.1199 0.9100 0.5503 1.0290 0.9500 0.7503 0.7300 0.5403 0.3403 0.3300 0.3400 0.1504 0.0802 -0.1296 -0.2298 -0.4296 -0.4600 -0.7294 -0.8198 -0.8999 -0.9998 -1.0899 -1.1799 -1.3596 -1.4299 -0.9412 -0.9101 -1.1793 -1.1900 -0.4518 -0.3402 -0.1305 0.1493 0.4293 0.5995
-1.0400 -1.1300 -1.0301 -0.6001 -0.5998 -0.3000 0.5196 0.1201 0.4698 1.3295 1.6197 1.4401 1.7896 1.7198 1.7198 1.4101 1.5198 1.2601 0.9802 0.9000 1.0398 1.1698 1.0600 0.8401 0.7300 0.5101 0.4100 0.5097 0.5098 0.4699 0.8194 0.7300 0.7499 -0.1288 -0.1201 0.1396 0.6292 0.5301 0.5300 0.4301 0.3401 0.2402 0.3498 0.2501 0.1601 -0.1395 -0.2298 -0.4296 -0.4999 -0.7196 -0.9096 -1.0298 -1.1997 -1.3198 -1.4098 -1.4599 -1.5498 -1.0712 -0.9404 -1.1495 -1.1800 -0.3023 -0.2003 -0.0006 0.2792 0.5193 0.6396
-1.1401 -1.1400 -1.2300 -0.6002 0.0598 0.2099 0.2599 0.0001 0.4398 0.9497 1.0599 1.2699 1.0999 0.9300 1.0198 0.9199 0.9098 0.7700 0.7100 0.7999 0.8299 0.9398 0.4804 0.2602 0.3897 -0.0995 -0.1800 -0.2999 -0.2302 -0.1202 0.1395 0.1598 0.4893 -0.4487 -0.4301 0.0193 0.3095 0.2002 0.6591 0.1409 0.0402 0.1498 0.2298 0.1201 -0.0997 -0.3097 -0.3201 -0.5995 -0.7497 -0.8797 -1.0596 -1.1399 -1.3795 -1.4399 -1.5598 -1.6797 -1.6899 -1.1812 -1.0703 -1.0800 -1.3194 -0.4522 -0.1907 -0.0903 0.0097 0.3590 0.4896
-1.4600 -1.3401 -1.2600 -0.7000 0.1898 -0.1799 -0.2000 -0.0001 0.2699 0.6098 0.7798 1.3694 0.1907 0.2899 0.2899 0.1800 0.1799 0.3998 0.5698 0.5300 0.5599 0.5999 0.0904 0.0000 -0.1799 -0.2999 -0.5098 -0.7198 -0.7800 -0.4605 -0.6298 -0.5302 -0.4003 -0.6696 -0.5302 -0.0608 0.0597 0.0899 0.1199 0.0600 0.0599 -0.0498 -0.2198 -0.3499 -0.7094 -0.8199 -0.8101 -0.7701 -0.8499 -0.9598 -1.1397 -1.2897 -1.5594 -1.6797 -1.7199 -1.5604 -1.3805 -1.2105 -1.1801 -1.0304 -1.1497 -0.4918 -0.4004 -0.3003 -0.2004 0.0991 0.3193
-1.5400 -1.5500 -1.3500 -0.1903 0.2998 -0.3998 -0.3101 -0.2101 0.1798 0.5198 0.3802 0.0402 -0.0400 -0.0300 -0.1399 -0.1400 -0.2000 0.1197 0.2898 0.3599 0.1902 0.2299 -0.6291 -0.3104 -0.4998 -0.7198 -0.8299 -1.0897 -1.0900 -1.1000 -0.9003 -1.0898 -0.9203 -0.8302 -0.5205 -0.3004 -0.3899 -0.1305 -0.3097 -0.3699 -0.3600 -0.1804 -0.5893 -0.9094 -0.9400 -1.3892 -1.2803 -1.1503 -1.3097 -1.3001 -1.5595 -1.5101 -1.7295 -1.7599 -1.5904 -1.5302 -1.5400 -1.5500 -1.1909 -1.1701 -1.0802 -0.9204 -1.0596 -0.6811 -0.6801 -0.3510 -0.2005
-1.8100 -1.7100 -1.3200 -0.0803 0.1599 -0.7098 -0.6301 -0.6300 0.1296 0.2899 0.9996 -0.1494 -0.0901 -0.2100 -0.1901 -0.2600 -0.2001 -0.1401 0.0298 0.2000 0.2699 -0.0697 -0.6295 -0.6201 -0.7299 -1.1995 -1.1801 -1.2999 -1.3400 -1.4999 -1.4701 -1.2204 -1.2700 -1.1602 -0.9304 -1.0199 -0.7105 -0.4704 -0.5399 -0.5800 -0.5700 -0.6199 -1.0093 -1.1298 -1.3696 -1.7094 -1.7699 -1.7002 -1.5903 -1.5302 -1.5999 -1.7697 -1.8299 -1.7801 -1.8599 -2.0895 -1.8905 -1.7803 -1.4309 -1.1806 -0.9705 -1.0498 -1.1199 -1.7085 -1.6203 -1.1214 -0.9705
-2.0900 -1.9900 -1.0102 -0.3802 -0.4900 -1.0398 -1.0500 -0.7601 -0.1103 0.2098 0.2399 -0.3497 -0.6598 -0.6301 -0.6201 -0.4702 -0.3701 -0.3001 -0.1901 1.1987 -0.1288 -0.2998 -1.0592 -1.0101 -1.1798 -1.4497 -1.4500 -1.4500 -1.7297 -2.2394 -2.2301 -1.6508 -1.8098 -1.6902 -1.3605 -1.3401 -1.1204 -0.8005 -0.9997 -0.9202 -0.8302 -0.9398 -1.4092 -1.6795 -2.2090 -2.0503 -1.9003 -2.3192 -2.2901 -2.0804 -1.6908 -2.0193 -2.0499 -2.0301 -2.2895 -2.6292 -2.5303 -2.0013 -1.7706 -1.2114 -1.0903 -1.2596 -2.0978 -2.6685 -2.1614 -1.6414 -1.7098
-2.3100 -2.1900 -1.0002 -0.5901 -1.1099 -1.2100 -1.1100 -1.0200 -0.1004 -0.0700 -0.5398 -0.5400 -0.8498 -1.3097 -1.4100 -1.4700 -1.5500 -0.9505 -0.3605 0.4992 -0.4491 -0.4700 -1.1493 -1.1600 -1.1800 -1.8493 -1.5104 -1.9295 -2.6891 -3.3392 -2.9405 -1.9314 -2.0798 -2.3197 -1.8906 -1.7702 -1.6502 -1.4104 -1.2103 -1.2000 -1.2000 -1.3897 -1.7593 -1.8798 -2.2992 -2.4597 -2.7095 -2.6102 -2.4503 -2.2804 -2.0106 -2.0898 -2.2097 -2.2100 -3.0082 -2.9003 -2.8002 -2.5207 -2.1010 -1.7908 -1.5606 -1.5899 -2.3879 -3.5170 -1.9143 -1.9499 -1.6109
-2.4500 -1.9401 -1.1002 -1.0000 -1.8098 -1.6201 -1.3001 -1.2000 -0.2604 -0.2900 -0.7098 -0.7500 -1.7694 -2.2897 -2.5998 -2.7499 -2.5701 -1.1511 -0.7703 -0.6401 -0.6200 -0.1405 -1.1490 -1.6595 -1.6400 -2.7887 -2.6601 -3.1194 -3.5395 -4.0393 -2.6019 -2.0208 -2.4294 -2.5698 -2.3104 -1.9805 -2.0798 -1.9602 -1.7204 -1.7200 -1.6002 -1.5900 -2.1789 -2.3896 -2.4000 -2.3002 -2.3998 -2.4898 -2.4800 -2.2605 -2.2500 -2.4396 -2.2704 -2.5893 -3.0789 -3.2596 -3.1702 -2.7909 -2.5306 -2.0013 -2.3192 -2.1903 -2.1002 -3.6858 -1.9148 -1.8801 -1.3914
-2.6600 -2.0401 -1.7300 -2.1298 -2.2200 -1.8601 -1.5501 -1.5000 -0.6204 -0.4501 -0.2801 -0.9296 -2.2892 -2.9695 -3.3097 -3.7896 -2.4910 -0.8913 -0.6003 -0.6400 -0.6700 -0.2404 -1.1990 -1.6495 -1.9497 -2.4095 -2.4899 -2.8196 -3.5691 -3.9395 -2.5418 -2.5999 -2.8097 -2.7501 -2.4005 -2.1903 -2.6093 -2.3803 -2.1703 -2.2698 -2.0304 -1.8902 -2.2493 -2.4696 -2.4001 -2.4898 -2.5898 -2.4902 -2.5698 -2.5999 -2.5900 -2.5700 -2.5899 -2.6499 -3.1788 -4.0479 -4.0998 -3.1722 -2.6213 -2.5402 -2.6796 -2.5104 -2.6696 -3.6175 -1.9146 -1.8103 -0.8627
-3.1499 -2.0302 -2.1299 -2.5898 -2.3601 -2.3100 -1.8601 -1.8999 -1.0104 -0.1704 -0.5098 -0.8498 -2.1892 -3.4491 -3.2801 -3.1801 -1.2116 -0.8903 -0.7201 -0.5502 -0.7898 -0.7899 -1.0897 -1.8192 -1.9898 -2.3296 -2.4599 -2.4900 -2.9495 -2.9601 -2.7902 -2.8100 -2.9198 -2.8301 -2.5704 -2.5999 -2.6000 -2.6998 -2.6900 -2.6900 -2.4604 -2.3302 -2.3500 -3.0187 -2.7006 -2.7998 -2.6902 -2.7399 -3.0194 -3.0200 -3.0100 -2.6208 -2.7697 -2.8398 -3.3688 -4.1482 -4.1001 -3.3717 -2.9011 -2.7005 -3.2685 -2.8710 -3.4783 -3.6495 -2.1041 -2.0501 -1.1923
-2.7901 -2.1101 -2.7898 -3.1498 -2.5601 -2.7199 -2.2801 -2.0201 -1.6401 -1.6498 -0.5905 -1.1896 -2.0195 -3.4391 -3.1102 -1.4814 -1.3900 -1.0802 -1.0400 -1.0899 -0.9601 -0.9800 -1.3096 -1.8794 -2.0498 -2.3197 -2.6396 -2.8098 -2.7900 -3.0896 -3.0999 -3.3196 -3.2201 -3.1201 -3.0301 -3.0399 -2.9601 -2.9699 -2.8801 -2.8001 -2.7900 -2.6702 -2.6700 -3.0593 -2.9602 -2.8901 -2.9598 -3.2094 -3.3896 -3.0108 -2.9102 -2.8701 -2.7403 -2.9296 -3.4787 -3.8492 -3.6505 -3.3707 -2.9909 -2.8104 -3.5381 -3.5399 -4.2580 -3.6416 -3.0514 -2.7009 -2.0517
-2.4702 -2.4699 -3.2198 -3.3499 -2.8901 -2.9200 -2.6600 -2.2101 -2.3298 -2.3199 -0.8407 -1.4096 -2.0396 -2.0902 -2.9395 -2.8698 -1.6809 -1.4201 -2.1292 -1.4306 -0.9804 -1.9489 -2.0498 -2.1998 -2.5895 -2.6898 -2.8398 -2.9299 -3.2196 -3.3198 -3.4098 -3.4200 -3.5098 -3.4001 -3.4998 -3.4101 -3.3101 -3.2201 -3.1401 -3.1300 -3.1499 -3.0601 -2.9901 -2.9800 -3.1297 -2.8705 -3.0397 -3.1099 -4.0579 -3.3015 -2.9208 -2.9300 -2.9300 -3.3889 -3.3701 -3.7491 -3.8497 -3.1717 -3.0802 -3.0700 -3.2695 -3.4795 -4.4275 -4.4797 -3.8216 -3.4708 -2.8915
-2.7801 -2.8899 -3.5398 -3.7099 -3.5399 -3.4999 -3.0401 -2.5901 -2.5600 -2.7598 -0.8710 -1.7294 -2.3396 -3.0194 -3.5295 -3.8695 -2.9904 -3.2094 -2.1908 -2.0400 -2.2096 -2.3797 -2.5497 -3.0393 -2.6904 -2.8897 -2.9399 -3.0399 -3.1299 -3.2199 -3.4197 -3.5099 -3.7895 -3.8798 -3.8799 -3.9797 -3.9898 -3.6005 -3.5101 -3.7994 -3.6901 -3.6000 -3.3204 -2.9607 -2.9700 -2.9700 -2.9600 -3.1197 -3.4794 -3.1208 -2.9803 -2.8603 -2.9697 -3.0998 -3.5689 -3.5601 -4.0488 -3.6608 -3.3607 -3.3500 -3.5594 -3.5700 -3.8693 -3.8402 -2.5936 -2.1116 -1.9606
-2.8800 -3.4298 -3.8398 -4.0699 -3.8000 -3.5401 -3.3700 -3.3498 -3.1100 -3.1499 -2.2501 -2.2399 -2.4199 -2.9397 -4.7285 -4.6798 -4.9793 -4.8796 -2.5319 -2.5099 -2.5399 -3.0493 -2.9999 -3.3496 -3.2999 -3.2799 -3.2200 -3.2200 -3.6993 -3.4103 -3.5997 -3.8895 -3.9798 -4.0698 -4.1598 -4.2698 -4.1701 -3.9802 -3.9799 -3.7704 -3.9895 -3.6805 -3.7897 -3.3108 -3.0604 -3.0700 -3.0600 -3.2097 -3.4894 -2.9512 -3.0498 -3.2096 -2.9306 -3.1894 -3.4694 -4.1483 -4.3395 -3.9509 -3.6905 -4.3381 -4.1703 -3.2624 -3.0807 -2.9805 -2.5013 -1.7920 -1.5508
-3.1099 -3.5299 -4.1598 -4.4998 -3.8801 -4.1997 -3.6501 -3.6399 -3.6598 -3.6499 -3.0101 -2.7999 -3.0896 -3.5595 -5.4285 -6.3189 -5.9800 -4.5013 -2.8713 -2.9598 -3.2995 -3.6695 -3.5500 -3.6398 -3.8396 -3.9397 -3.8899 -3.8898 -3.9898 -3.6004 -3.7997 -4.1794 -4.3696 -4.7892 -4.9595 -4.7901 -4.3706 -4.2701 -4.3697 -4.3698 -3.9907 -4.0598 -3.7705 -3.7898 -3.1312 -3.2597 -3.2599 -3.1502 -3.2299 -3.1302 -3.2297 -3.3098 -3.4894 -3.6695 -4.1487 -4.9579 -5.4186 -4.6915 -4.7595 -5.0989 -4.8604 -3.3638 -2.9810 -2.2621 -2.1005 -1.7609 -1.2814
-3.3199 -3.6299 -4.8895 -4.8199 -4.1701 -4.5098 -4.3898 -4.3997 -3.8302 -3.8499 -3.6499 -3.4899 -3.4299 -3.8996 -5.3990 -5.4902 -3.7221 -3.3507 -3.4297 -3.4998 -3.6697 -3.8398 -3.9498 -4.0498 -4.1398 -4.1699 -4.0800 -4.2696 -4.2799 -3.8005 -4.0895 -4.4694 -4.6696 -4.7200 -4.9796 -4.9600 -4.7901 -4.3706 -4.6794 -4.3605 -4.3399 -4.1703 -4.3595 -3.7811 -3.4106 -3.3401 -3.2502 -3.1502 -3.2298 -3.3197 -3.3200 -3.4098 -3.6793 -3.7598 -4.2588 -5.2975 -5.3699 -5.2002 -5.2697 -5.1104 -4.9205 -3.4637 -2.8815 -2.3912 -2.0709 -1.5914 -1.4802
-3.5099 -3.8399 -4.9997 -5.1598 -4.7399 -4.9797 -4.3602 -4.4699 -4.2999 -4.1699 -4.0499 -4.1996 -4.1498 -4.0700 -5.2792 -4.0414 -3.7802 -3.8597 -3.8898 -4.0596 -4.1098 -4.1598 -4.6892 -4.4801 -4.5697 -4.4700 -4.4699 -4.5798 -4.3802 -3.9904 -4.1897 -4.5694 -4.7697 -4.8798 -5.7285 -4.9911 -4.9600 -4.5406 -4.6798 -5.6279 -6.0287 -4.3429 -4.2702 -3.6811 -3.6101 -3.2308 -3.1402 -3.1500 -3.1500 -3.3196 -3.3200 -3.4198 -3.3702 -4.1581 -4.1600 -4.2602 -5.3075 -6.2374 -5.2823 -5.6190 -4.8619 -3.5633 -2.9815 -2.3816 -2.1805 -1.9605 -2.0894
-3.5100 -3.9599 -4.8799 -5.0300 -4.9399 -5.2498 -4.6301 -4.4601 -4.5598 -4.8995 -4.4700 -4.7996 -4.7498 -4.5799 -4.6202 -4.1203 -4.0400 -3.9800 -4.2197 -4.5595 -4.4699 -4.6396 -5.1693 -5.2696 -5.1199 -4.7803 -4.7799 -4.6701 -4.4702 -4.2801 -4.1801 -4.5695 -4.7697 -5.1793 -4.9806 -5.0499 -4.8803 -4.5705 -4.7497 -5.9279 -6.1296 -4.6126 -4.0611 -3.6807 -3.7099 -3.2609 -3.0804 -3.0601 -3.0600 -2.9604 -3.0599 -3.4192 -3.2803 -3.4699 -3.1811 -3.6591 -4.9671 -5.3594 -5.4597 -4.5427 -5.3677 -3.7541 -3.3708 -2.6119 -2.7992 -3.4476 -3.4494
-3.6099 -3.9699 -4.9698 -5.1299 -5.4397 -5.4399 -4.9001 -5.1696 -4.8400 -5.0898 -4.9798 -5.3495 -5.3397 -4.9401 -4.8500 -4.5900 -4.5498 -4.3800 -4.5597 -4.6898 -4.8397 -5.0097 -5.3695 -5.6096 -5.6797 -5.0805 -4.9800 -4.8700 -4.7700 -4.3805 -4.2801 -4.5696 -4.6699 -4.9796 -4.9800 -5.1796 -4.3715 -4.3601 -4.7793 -4.8005 -4.8804 -4.2712 -3.9706 -3.7105 -3.6900 -3.2109 -3.0004 -3.0699 -3.0700 -3.0500 -3.1597 -3.3396 -3.3799 -3.0809 -3.1798 -3.1603 -4.0384 -5.3668 -5.2903 -4.2029 -4.0011 -3.8005 -3.1618 -3.1597 -3.7081 -4.1684 -3.6812
-3.6900 -3.9600 -4.6001 -4.9700 -5.2600 -5.7297 -5.1900 -5.1700 -5.7193 -5.1702 -5.5395 -5.6198 -5.2203 -5.2199 -5.3996 -5.1000 -4.5904 -4.6298 -4.7997 -4.9697 -5.1397 -5.3097 -5.3999 -5.4400 -6.0092 -5.4804 -5.1802 -5.0800 -4.9700 -4.5704 -4.2804 -4.4698 -4.8693 -4.7802 -4.9797 -4.4811 -4.4400 -4.3601 -4.2205 -4.3700 -4.7494 -4.2708 -3.9306 -3.7603 -3.6602 -3.2109 -2.9605 -2.9601 -2.8703 -2.7703 -2.8699 -3.0597 -3.3394 -3.0008 -3.1397 -3.0802 -3.7386 -4.7778 -4.9498 -4.2517 -3.5420 -3.3407 -3.3299 -3.6888 -4.2383 -4.2599 -4.3195
-3.6500 -3.8200 -4.2701 -4.8699 -5.2499 -5.6299 -6.0094 -5.9196 -5.9199 -5.9196 -5.7000 -6.3293 -6.3094 -5.6302 -5.6499 -5.5498 -5.2099 -6.3681 -6.3492 -6.2794 -6.2594 -6.0897 -6.1196 -5.8600 -5.9400 -5.9398 -5.3805 -5.2800 -5.0802 -4.6705 -4.4801 -4.5798 -4.3706 -4.7694 -4.5506 -4.4402 -4.4400 -4.4499 -4.1006 -4.0802 -4.4894 -3.9611 -3.9899 -3.7804 -3.5704 -3.2705 -2.8708 -2.7803 -2.5806 -2.5801 -2.4904 -2.9690 -2.8705 -2.9199 -2.7606 -3.0095 -3.2597 -3.3705 -4.3280 -3.8215 -2.9724 -2.8705 -3.4385 -3.4102 -3.4703 -5.0054 -4.6608
-3.5800 -3.8799 -3.9402 -4.8498 -5.4197 -5.5300 -5.9099 -6.3995 -5.9002 -6.1997 -6.5094 -7.8683 -7.3697 -7.0694 -6.3001 -6.3295 -7.1483 -8.3679 -8.8681 -8.8685 -7.6303 -7.6291 -7.6092 -6.5307 -5.9906 -6.1796 -5.8801 -5.3805 -5.0904 -4.9700 -4.4108 -4.5798 -4.3803 -4.5499 -4.5500 -4.4402 -4.4300 -4.4200 -4.3101 -4.2101 -4.1104 -4.0101 -3.7805 -3.4209 -3.4301 -3.2903 -2.5816 -2.5801 -2.2708 -2.3500 -2.2902 -2.6195 -2.6501 -2.8695 -2.5509 -2.8594 -2.8004 -2.8901 -3.3494 -3.2605 -2.6916 -2.6901 -3.2487 -2.7816 -3.7273 -4.2291 -4.2302
-3.5900 -3.5902 -3.8700 -3.9505 -4.8501 -5.3300 -5.7200 -6.4996 -6.1900 -6.4897 -7.4689 -9.2681 -9.2688 -9.1688 -6.5217 -8.0678 -8.1693 -10.8663 -11.9672 -10.9696 -9.6699 -7.9415 -7.7701 -7.4098 -6.1912 -6.0902 -5.8902 -5.9895 -5.4305 -4.9007 -4.9197 -4.6403 -4.4702 -4.4401 -4.4301 -4.3402 -4.3401 -4.3301 -4.2202 -3.8309 -3.6506 -3.6303 -3.5104 -3.0012 -3.1898 -2.9906 -2.4811 -2.2806 -2.1603 -2.2200 -2.0705 -2.5291 -2.5301 -2.3607 -2.2006 -2.5793 -2.6599 -2.5405 -2.8795 -3.0696 -2.6212 -2.6898 -3.0691 -2.6911 -3.1491 -4.1872 -4.1203
-3.5600 -3.5300 -3.7101 -3.7102 -4.1603 -5.8092 -6.5891 -6.6998 -6.9893 -7.0995 -8.3687 -10.5679 -11.6678 -10.5698 -7.9708 -8.8788 -9.0493 -11.5675 -13.1679 -11.9704 -10.0715 -9.6692 -7.7220 -7.7298 -6.9104 -6.9294 -5.8812 -6.0498 -5.4108 -4.8408 -4.9199 -4.8100 -4.4605 -4.2504 -4.0505 -4.0502 -4.2398 -4.2301 -3.9407 -3.6506 -3.3906 -3.3802 -3.1008 -2.6710 -2.9895 -3.0299 -2.7404 -2.1812 -2.1201 -2.0702 -2.0401 -2.2796 -2.3998 -2.1308 -1.8608 -2.2593 -2.5893 -2.4803 -2.5899 -2.6003 -2.5801 -2.6100 -2.5605 -2.6099 -2.8695 -4.0569 -3.2528
-3.3901 -3.4401 -3.5901 -3.4202 -3.6703 -4.6305 -6.9889 -6.9898 -7.0799 -7.6094 -8.8690 -11.7675 -13.8672 -11.5708 -8.7114 -7.5418 -9.1387 -10.6694 -10.9713 -11.8693 -12.7673 -9.9226 -7.6623 -7.4604 -6.9306 -6.8402 -6.5199 -6.0805 -5.8799 -5.1607 -4.9902 -4.6705 -4.6399 -4.1508 -3.9603 -3.7705 -3.9499 -4.1298 -3.7607 -3.5704 -3.0212 -3.0103 -2.8205 -2.5805 -2.9094 -2.7405 -2.8397 -2.3110 -1.9708 -1.9302 -1.9201 -2.0898 -2.1999 -2.0305 -1.6510 -1.8000 -2.3788 -1.9115 -2.0301 -2.3893 -2.1310 -2.5191 -2.1413 -2.4393 -2.8688 -3.3791 -2.6823
-3.3201 -3.4799 -3.4401 -3.7896 -3.5102 -4.5297 -6.3898 -6.5902 -6.8800 -7.8294 -9.5686 -11.9685 -13.9687 -11.6714 -8.5422 -7.7105 -8.0505 -8.5612 -9.0710 -10.7693 -11.4703 -9.2426 -7.5917 -6.8612 -6.9100 -6.0815 -5.6811 -5.4907 -5.2907 -5.4995 -5.6992 -5.0706 -4.7603 -4.2407 -4.1699 -3.7706 -3.4908 -3.6800 -3.4606 -3.3104 -2.6215 -2.7200 -2.4907 -2.1809 -2.4997 -2.5002 -2.3407 -2.0209 -1.7906 -1.8300 -1.8002 -1.7703 -1.8800 -1.8303 -1.4710 -1.3207 -1.8392 -1.3217 -1.4601 -1.9391 -1.6710 -2.3584 -1.8017 -2.3586 -2.7789 -2.9698 -2.5911
