difmap1     =       [0.800000011920929 0 0;0.800000011920929 0.00412371149286628 0;0.800000011920929 0.00824742298573256 0;0.800000011920929 0.0123711340129375 0;0.800000011920929 0.0164948459714651 0;0.800000011920929 0.0206185579299927 0;0.800000011920929 0.0247422680258751 0;0.800000011920929 0.0288659799844027 0;0.800000011920929 0.0329896919429302 0;0.800000011920929 0.0371134020388126 0;0.800000011920929 0.0412371158599854 0;0.800000011920929 0.0453608259558678 0;0.800000011920929 0.0494845360517502 0;0.800000011920929 0.0536082498729229 0;0.800000011920929 0.0577319599688053 0;0.800000011920929 0.0618556700646877 0;0.800000011920929 0.0659793838858604 0;0.800000011920929 0.0701030939817429 0;0.800000011920929 0.0742268040776253 0;0.800000011920929 0.0783505141735077 0;0.800000011920929 0.0824742317199707 0;0.800000011920929 0.0865979418158531 0;0.800000011920929 0.0907216519117355 0;0.800000011920929 0.094845362007618 0;0.800000011920929 0.0989690721035004 0;0.800000011920929 0.103092782199383 0;0.800000011920929 0.107216499745846 0;0.800000011920929 0.111340209841728 0;0.800000011920929 0.115463919937611 0;0.800000011920929 0.119587630033493 0;0.800000011920929 0.123711340129375 0;0.800000011920929 0.127835050225258 0;0.800000011920929 0.131958767771721 0;0.800000011920929 0.136082470417023 0;0.800000011920929 0.140206187963486 0;0.800000011920929 0.144329905509949 0;0.800000011920929 0.148453608155251 0;0.800000011920929 0.152577325701714 0;0.800000011920929 0.156701028347015 0;0.800000011920929 0.160824745893478 0;0.800000011920929 0.164948463439941 0;0.800000011920929 0.169072166085243 0;0.800000011920929 0.173195883631706 0;0.800000011920929 0.177319586277008 0;0.800000011920929 0.181443303823471 0;0.800000011920929 0.185567006468773 0;0.800000011920929 0.189690724015236 0;0.800000011920929 0.193814441561699 0;0.800000011920929 0.197938144207001 0;0.800000011920929 0.202061861753464 0;0.800000011920929 0.206185564398766 0;0.800000011920929 0.210309281945229 0;0.800000011920929 0.214432999491692 0;0.800000011920929 0.218556702136993 0;0.800000011920929 0.222680419683456 0;0.800000011920929 0.226804122328758 0;0.800000011920929 0.230927839875221 0;0.800000011920929 0.235051542520523 0;0.800000011920929 0.239175260066986 0;0.800000011920929 0.243298977613449 0;0.800000011920929 0.247422680258751 0;0.800000011920929 0.251546382904053 0;0.800000011920929 0.255670100450516 0;0.800000011920929 0.259793817996979 0;0.800000011920929 0.263917535543442 0;0.800000011920929 0.268041253089905 0;0.800000011920929 0.272164940834045 0;0.800000011920929 0.276288658380508 0;0.800000011920929 0.280412375926971 0;0.800000011920929 0.284536093473434 0;0.800000011920929 0.288659811019897 0;0.800000011920929 0.292783498764038 0;0.800000011920929 0.296907216310501 0;0.800000011920929 0.301030933856964 0;0.800000011920929 0.305154651403427 0;0.800000011920929 0.30927836894989 0;0.800000011920929 0.313402056694031 0;0.800000011920929 0.317525774240494 0;0.800000011920929 0.321649491786957 0;0.800000011920929 0.32577320933342 0;0.800000011920929 0.329896926879883 0;0.800000011920929 0.334020614624023 0;0.800000011920929 0.338144332170486 0;0.800000011920929 0.342268049716949 0;0.800000011920929 0.346391767263412 0;0.800000011920929 0.350515455007553 0;0.800000011920929 0.354639172554016 0;0.800000011920929 0.358762890100479 0;0.800000011920929 0.362886607646942 0;0.800000011920929 0.367010325193405 0;0.800000011920929 0.371134012937546 0;0.800000011920929 0.375257730484009 0;0.800000011920929 0.379381448030472 0;0.800000011920929 0.383505165576935 0;0.800000011920929 0.387628883123398 0;0.800000011920929 0.391752570867538 0;0.800000011920929 0.395876288414001 0;0.800000011920929 0.400000005960464 0;0.80005270242691 0.404604941606522 0.00948349200189114;0.800105392932892 0.409209907054901 0.0189669840037823;0.800158083438873 0.413814842700958 0.0284504760056734;0.800210773944855 0.418419808149338 0.0379339680075645;0.800263464450836 0.423024743795395 0.0474174618721008;0.800316154956818 0.427629679441452 0.0569009520113468;0.800368785858154 0.432234644889832 0.0663844421505928;0.800421476364136 0.436839580535889 0.0758679360151291;0.800474166870117 0.441444545984268 0.0853514298796654;0.800526857376099 0.446049481630325 0.0948349237442017;0.80057954788208 0.450654417276382 0.104318410158157;0.800632238388062 0.455259382724762 0.113801904022694;0.800684928894043 0.459864318370819 0.12328539788723;0.800737619400024 0.464469254016876 0.132768884301186;0.800790309906006 0.469074219465256 0.142252385616302;0.800843000411987 0.473679155111313 0.151735872030258;0.800895690917969 0.478284120559692 0.161219358444214;0.80094838142395 0.48288905620575 0.170702859759331;0.801001012325287 0.487493991851807 0.180186346173286;0.801053702831268 0.492098957300186 0.189669847488403;0.80110639333725 0.496703892946243 0.199153333902359;0.801159083843231 0.501308858394623 0.208636820316315;0.801211774349213 0.50591379404068 0.218120321631432;0.801264464855194 0.510518729686737 0.227603808045387;0.801317155361176 0.515123665332794 0.237087294459343;0.801369845867157 0.519728660583496 0.24657079577446;0.801422536373138 0.524333596229553 0.256054282188416;0.80147522687912 0.52893853187561 0.265537768602371;0.801527917385101 0.533543467521667 0.275021255016327;0.801580607891083 0.538148403167725 0.284504771232605;0.801633238792419 0.542753398418427 0.293988257646561;0.801685929298401 0.547358334064484 0.303471744060516;0.801738619804382 0.551963269710541 0.312955230474472;0.801791310310364 0.556568205356598 0.322438716888428;0.801844000816345 0.561173141002655 0.331922233104706;0.801896691322327 0.565778136253357 0.341405719518661;0.801949381828308 0.570383071899414 0.350889205932617;0.80200207233429 0.574988007545471 0.360372692346573;0.802054762840271 0.579592943191528 0.369856178760529;0.802107453346252 0.584197878837585 0.379339694976807;0.802160143852234 0.588802874088287 0.388823181390762;0.802212834358215 0.593407809734344 0.398306667804718;0.802265524864197 0.598012745380402 0.407790154218674;0.802318155765533 0.602617681026459 0.417273640632629;0.802370846271515 0.607222616672516 0.426757156848907;0.802423536777496 0.611827611923218 0.436240643262863;0.802476227283478 0.616432547569275 0.445724129676819;0.802528917789459 0.621037483215332 0.455207616090775;0.802581608295441 0.625642418861389 0.46469110250473;0.802634298801422 0.630247354507446 0.474174588918686;0.802686989307404 0.634852290153503 0.483658105134964;0.802739679813385 0.639457285404205 0.49314159154892;0.802792370319366 0.644062221050262 0.502625107765198;0.802845060825348 0.64866715669632 0.512108564376831;0.802897751331329 0.653272092342377 0.521592080593109;0.802950382232666 0.657877027988434 0.531075537204742;0.803003072738647 0.662482023239136 0.540559053421021;0.803055763244629 0.667086958885193 0.550042510032654;0.80310845375061 0.67169189453125 0.559526026248932;0.803161144256592 0.676296830177307 0.56900954246521;0.803213834762573 0.680901765823364 0.578492999076843;0.803266525268555 0.685506761074066 0.587976515293121;0.803319215774536 0.690111696720123 0.597459971904755;0.803371906280518 0.69471663236618 0.606943488121033;0.803424596786499 0.699321568012238 0.616427004337311;0.80347728729248 0.703926503658295 0.625910460948944;0.803529977798462 0.708531498908997 0.635393977165222;0.803582608699799 0.713136434555054 0.644877433776855;0.80363529920578 0.717741370201111 0.654360949993134;0.803687989711761 0.722346305847168 0.663844466209412;0.803740680217743 0.726951241493225 0.673327922821045;0.803793370723724 0.731556236743927 0.682811439037323;0.803846061229706 0.736161172389984 0.692294895648956;0.803898751735687 0.740766108036041 0.701778411865234;0.803921580314636 0.745098054409027 0.705882370471954];
